0.55078125
0.569010416666667
0.569010416666667
0.569010416666667
0.569010416666667
0.569010416666667
0.569010416666667
0.569010416666667
0.569010416666667
0.584635416666667
0.584635416666667
0.584635416666667
0.584635416666667
0.584635416666667
0.584635416666667
0.584635416666667
0.584635416666667
0.595187473297119
0.595187473297119
0.595187473297119
0.595187473297119
0.595187473297119
0.595187473297119
0.595187473297119
0.595187473297119
0.60122496287028
0.60122496287028
0.60122496287028
0.60122496287028
0.60122496287028
0.60122496287028
0.60122496287028
0.602884896596273
0.602884896596273
0.602884896596273
0.602884896596273
0.602884896596273
0.602884896596273
0.602884896596273
0.602884896596273
0.599729569753011
0.599729569753011
0.599729569753011
0.599729569753011
0.599729569753011
0.599729569753011
0.599729569753011
0.599729569753011
0.591762606302897
0.591762606302897
0.591762606302897
0.591762606302897
0.591762606302897
0.591762606302897
0.591762606302897
0.591762606302897
0.582291666666667
0.582291666666667
0.582291666666667
0.582291666666667
0.582291666666667
0.582291666666667
0.582291666666667
0.582291666666667
0.568790054321289
0.568790054321289
0.568790054321289
0.568790054321289
0.568790054321289
0.568790054321289
0.568790054321289
0.568790054321289
0.548177083333333
0.548177083333333
0.548177083333333
0.548177083333333
0.548177083333333
0.548177083333333
0.548177083333333
0.524479166666667
0.524479166666667
0.524479166666667
0.524479166666667
0.524479166666667
0.524479166666667
0.524479166666667
0.524479166666667
0.503316879272461
0.503316879272461
0.503316879272461
0.503316879272461
0.503316879272461
0.503316879272461
0.503316879272461
0.503316879272461
0.480729166666667
0.480729166666667
0.480729166666667
0.480729166666667
0.480729166666667
0.480729166666667
0.480729166666667
0.460416666666667
0.460416666666667
0.460416666666667
0.460416666666667
0.460416666666667
0.460416666666667
0.460416666666667
0.460416666666667
0.445833333333333
0.445833333333333
0.445833333333333
0.445833333333333
0.445833333333333
0.445833333333333
0.445833333333333
0.445833333333333
0.424835840861003
0.424835840861003
0.424835840861003
0.424835840861003
0.424835840861003
0.424835840861003
0.424835840861003
0.424835840861003
0.409994506835938
0.409994506835938
0.409994506835938
0.409994506835938
0.409994506835938
0.409994506835938
0.409994506835938
0.409994506835938
0.400854682922363
0.400854682922363
0.400854682922363
0.400854682922363
0.400854682922363
0.400854682922363
0.400854682922363
0.400854682922363
0.399479166666667
0.399479166666667
0.399479166666667
0.399479166666667
0.399479166666667
0.399479166666667
0.399479166666667
0.399479166666667
0.407383728027344
0.407383728027344
0.407383728027344
0.407383728027344
0.407383728027344
0.407383728027344
0.407383728027344
0.407383728027344
0.420939064025879
0.420939064025879
0.420939064025879
0.420939064025879
0.420939064025879
0.420939064025879
0.420939064025879
0.420939064025879
0.43844165802002
0.43844165802002
0.43844165802002
0.43844165802002
0.43844165802002
0.43844165802002
0.43844165802002
0.43844165802002
0.458262316385905
0.458262316385905
0.458262316385905
0.458262316385905
0.458262316385905
0.458262316385905
0.458262316385905
0.458262316385905
0.47832244237264
0.47832244237264
0.47832244237264
0.47832244237264
0.47832244237264
0.47832244237264
0.47832244237264
0.47832244237264
0.496955140431722
0.496955140431722
0.496955140431722
0.496955140431722
0.496955140431722
0.496955140431722
0.496955140431722
0.496955140431722
0.524106375376383
0.524106375376383
0.524106375376383
0.524106375376383
0.524106375376383
0.524106375376383
0.524106375376383
0.524106375376383
0.542447916666667
0.542447916666667
0.542447916666667
0.542447916666667
0.542447916666667
0.542447916666667
0.542447916666667
0.542447916666667
0.564322916666667
0.564322916666667
0.564322916666667
0.564322916666667
0.564322916666667
0.564322916666667
0.564322916666667
0.564322916666667
0.582741483052572
0.582741483052572
0.582741483052572
0.582741483052572
0.582741483052572
0.582741483052572
0.582741483052572
0.582741483052572
0.59250955581665
0.59250955581665
0.59250955581665
0.59250955581665
0.59250955581665
0.59250955581665
0.59250955581665
0.59250955581665
0.5996169090271
0.5996169090271
0.5996169090271
0.5996169090271
0.5996169090271
0.5996169090271
0.5996169090271
0.60212869644165
0.60212869644165
0.60212869644165
0.60212869644165
0.60212869644165
0.60212869644165
0.60212869644165
0.60212869644165
0.60212869644165
0.6
0.6
0.6
0.6
0.6
0.6
0.6
0.6
0.593648719787598
0.593648719787598
0.593648719787598
0.593648719787598
0.593648719787598
0.593648719787598
0.593648719787598
0.584539190928141
0.584539190928141
0.584539190928141
0.584539190928141
0.584539190928141
0.584539190928141
0.584539190928141
0.584539190928141
0.584539190928141
0.567708333333333
0.567708333333333
0.567708333333333
0.567708333333333
0.567708333333333
0.567708333333333
0.567708333333333
0.567708333333333
0.546172491709391
0.546172491709391
0.546172491709391
0.546172491709391
0.546172491709391
0.546172491709391
0.546172491709391
0.546172491709391
0.524479166666667
0.524479166666667
0.524479166666667
0.524479166666667
0.524479166666667
0.524479166666667
0.524479166666667
0.524479166666667
0.496297200520833
0.496297200520833
0.496297200520833
0.496297200520833
0.496297200520833
0.496297200520833
0.496297200520833
0.496297200520833
0.475520833333333
0.475520833333333
0.475520833333333
0.475520833333333
0.475520833333333
0.475520833333333
0.475520833333333
0.475520833333333
0.455925496419271
0.455925496419271
0.455925496419271
0.455925496419271
0.455925496419271
0.455925496419271
0.455925496419271
0.455925496419271
0.430189450581868
0.430189450581868
0.430189450581868
0.430189450581868
0.430189450581868
0.430189450581868
0.430189450581868
0.430189450581868
0.407649230957031
0.407649230957031
0.407649230957031
0.407649230957031
0.407649230957031
0.407649230957031
0.407649230957031
0.407649230957031
0.39587287902832
0.39587287902832
0.39587287902832
0.39587287902832
0.39587287902832
0.39587287902832
0.39587287902832
0.39587287902832
0.384924570719401
0.384924570719401
0.384924570719401
0.384924570719401
0.384924570719401
0.384924570719401
0.384924570719401
0.384924570719401
0.382552083333333
0.382552083333333
0.382552083333333
0.382552083333333
0.382552083333333
0.382552083333333
0.382552083333333
0.383912213643392
0.383912213643392
0.383912213643392
0.383912213643392
0.383912213643392
0.383912213643392
0.383912213643392
0.383912213643392
0.392935371398926
0.392935371398926
0.392935371398926
0.392935371398926
0.392935371398926
0.392935371398926
0.392935371398926
0.392935371398926
0.406770833333333
0.406770833333333
0.406770833333333
0.406770833333333
0.406770833333333
0.406770833333333
0.406770833333333
0.406770833333333
0.424376169840495
0.424376169840495
0.424376169840495
0.424376169840495
0.424376169840495
0.424376169840495
0.424376169840495
0.424376169840495
0.447843233744303
0.447843233744303
0.447843233744303
0.447843233744303
0.447843233744303
0.447843233744303
0.447843233744303
0.447843233744303
0.474336687723796
0.474336687723796
0.474336687723796
0.474336687723796
0.474336687723796
0.474336687723796
0.474336687723796
0.474336687723796
0.495515791575114
0.495515791575114
0.495515791575114
0.495515791575114
0.495515791575114
0.495515791575114
0.495515791575114
0.495515791575114
0.518369166056315
0.518369166056315
0.518369166056315
0.518369166056315
0.518369166056315
0.518369166056315
0.518369166056315
0.518369166056315
0.544421450297038
0.544421450297038
0.544421450297038
0.544421450297038
0.544421450297038
0.544421450297038
0.544421450297038
0.567708333333333
0.567708333333333
0.567708333333333
0.567708333333333
0.567708333333333
0.567708333333333
0.567708333333333
0.567708333333333
0.582291666666667
0.582291666666667
0.582291666666667
0.582291666666667
0.582291666666667
0.582291666666667
0.582291666666667
0.582291666666667
0.594010416666667
0.601593907674154
0.601593907674154
0.601593907674154
0.601593907674154
0.601593907674154
0.601593907674154
0.601593907674154
0.601593907674154
0.602182133992513
0.602182133992513
0.602182133992513
0.602182133992513
0.602182133992513
0.602182133992513
0.602182133992513
0.602182133992513
0.60214319229126
0.60214319229126
0.60214319229126
0.60214319229126
0.60214319229126
0.60214319229126
0.60214319229126
0.60214319229126
0.596614583333333
0.596614583333333
0.596614583333333
0.596614583333333
0.596614583333333
0.596614583333333
0.596614583333333
0.596614583333333
0.585416666666667
0.585416666666667
0.585416666666667
0.585416666666667
0.585416666666667
0.585416666666667
0.585416666666667
0.585416666666667
0.57265625
0.57265625
0.57265625
0.57265625
0.57265625
0.57265625
0.57265625
0.57265625
0.551822916666667
0.551822916666667
0.551822916666667
0.551822916666667
0.551822916666667
0.551822916666667
0.551822916666667
0.551822916666667
0.526916313171387
0.526916313171387
0.526916313171387
0.526916313171387
0.526916313171387
0.526916313171387
0.526916313171387
0.526916313171387
0.501045036315918
0.501045036315918
0.501045036315918
0.501045036315918
0.501045036315918
0.501045036315918
0.501045036315918
0.501045036315918
0.476389567057292
0.476389567057292
0.476389567057292
0.476389567057292
0.476389567057292
0.476389567057292
0.476389567057292
0.476389567057292
0.452874310811361
0.452874310811361
0.452874310811361
0.452874310811361
0.452874310811361
0.452874310811361
0.452874310811361
0.452874310811361
0.427143923441569
0.427143923441569
0.427143923441569
0.427143923441569
0.427143923441569
0.427143923441569
0.427143923441569
0.427143923441569
0.409470748901367
0.409470748901367
0.409470748901367
0.409470748901367
0.409470748901367
0.409470748901367
0.409470748901367
0.409470748901367
0.395833333333333
0.395833333333333
0.395833333333333
0.395833333333333
0.395833333333333
0.395833333333333
0.395833333333333
0.395833333333333
0.387789662679036
0.387789662679036
0.387789662679036
0.387789662679036
0.387789662679036
0.387789662679036
0.387789662679036
0.387789662679036
0.387239583333333
0.387239583333333
0.387239583333333
0.387239583333333
0.387239583333333
0.387239583333333
0.387239583333333
0.387239583333333
0.393229166666667
0.393229166666667
0.393229166666667
0.393229166666667
0.393229166666667
0.393229166666667
0.393229166666667
0.393229166666667
0.402083333333333
0.402083333333333
0.402083333333333
0.402083333333333
0.402083333333333
0.402083333333333
0.402083333333333
0.41909720102946
0.41909720102946
0.41909720102946
0.41909720102946
0.41909720102946
0.41909720102946
0.41909720102946
0.41909720102946
0.41909720102946
0.437760416666667
0.437760416666667
0.437760416666667
0.437760416666667
0.437760416666667
0.437760416666667
0.437760416666667
0.437760416666667
0.460860188802083
0.460860188802083
0.460860188802083
0.460860188802083
0.460860188802083
0.460860188802083
0.460860188802083
0.460860188802083
0.483718681335449
0.483718681335449
0.483718681335449
0.483718681335449
0.483718681335449
0.483718681335449
0.483718681335449
0.508458296457926
0.508458296457926
0.508458296457926
0.508458296457926
0.508458296457926
0.508458296457926
0.508458296457926
0.508458296457926
0.535073852539062
0.535073852539062
0.535073852539062
0.535073852539062
0.535073852539062
0.535073852539062
0.535073852539062
0.535073852539062
0.535073852539062
0.560107549031576
0.560107549031576
0.560107549031576
0.560107549031576
0.560107549031576
0.560107549031576
0.560107549031576
0.560107549031576
0.58046875
0.58046875
0.58046875
0.58046875
0.58046875
0.58046875
0.58046875
0.58046875
0.594776058197022
0.594776058197022
0.594776058197022
0.594776058197022
0.594776058197022
0.594776058197022
0.594776058197022
0.594776058197022
0.604696909586589
0.604696909586589
0.604696909586589
0.604696909586589
0.604696909586589
0.604696909586589
0.604696909586589
0.604696909586589
0.610679340362549
0.610679340362549
0.610679340362549
0.610679340362549
0.610679340362549
0.610679340362549
0.610679340362549
0.610679340362549
0.616682306925456
0.616682306925456
0.616682306925456
0.616682306925456
0.616682306925456
0.616682306925456
0.616682306925456
0.616682306925456
0.620771853129069
0.620771853129069
0.620771853129069
0.620771853129069
0.620771853129069
0.620771853129069
0.620771853129069
0.619986979166667
0.619986979166667
0.619986979166667
0.619986979166667
0.619986979166667
0.619986979166667
0.619986979166667
0.619986979166667
0.616799163818359
0.616799163818359
0.616799163818359
0.616799163818359
0.616799163818359
0.616799163818359
0.616799163818359
0.616799163818359
0.611458460489909
0.611458460489909
0.611458460489909
0.611458460489909
0.611458460489909
0.611458460489909
0.611458460489909
0.611458460489909
0.606307284037272
0.606307284037272
0.606307284037272
0.606307284037272
0.606307284037272
0.606307284037272
0.606307284037272
0.606307284037272
0.606307284037272
0.601752726236979
0.601752726236979
0.601752726236979
0.601752726236979
0.601752726236979
0.601752726236979
0.601752726236979
0.601752726236979
0.59304453531901
0.59304453531901
0.59304453531901
0.59304453531901
0.59304453531901
0.59304453531901
0.59304453531901
0.59304453531901
0.576822916666667
0.576822916666667
0.576822916666667
0.576822916666667
0.576822916666667
0.576822916666667
0.576822916666667
0.576822916666667
0.556510416666667
0.556510416666667
0.556510416666667
0.556510416666667
0.556510416666667
0.556510416666667
0.556510416666667
0.556510416666667
0.53487024307251
0.53487024307251
0.53487024307251
0.53487024307251
0.53487024307251
0.53487024307251
0.53487024307251
0.50859375
0.50859375
0.50859375
0.50859375
0.50859375
0.50859375
0.50859375
0.50859375
0.485385163625081
0.485385163625081
0.485385163625081
0.485385163625081
0.485385163625081
0.485385163625081
0.485385163625081
0.485385163625081
0.485385163625081
0.459375
0.459375
0.459375
0.459375
0.459375
0.459375
0.459375
0.459375
0.429803148905436
0.429803148905436
0.429803148905436
0.429803148905436
0.429803148905436
0.429803148905436
0.429803148905436
0.429803148905436
0.408459154764811
0.408459154764811
0.408459154764811
0.408459154764811
0.408459154764811
0.408459154764811
0.408459154764811
0.408459154764811
0.388730239868164
0.388730239868164
0.388730239868164
0.388730239868164
0.388730239868164
0.388730239868164
0.388730239868164
0.373958333333333
0.373958333333333
0.373958333333333
0.373958333333333
0.373958333333333
0.373958333333333
0.373958333333333
0.373958333333333
0.369270833333333
0.369270833333333
0.369270833333333
0.369270833333333
0.369270833333333
0.369270833333333
0.369270833333333
0.369270833333333
0.3765625
0.3765625
0.3765625
0.3765625
0.3765625
0.3765625
0.3765625
0.39296875
0.39296875
0.39296875
0.39296875
0.39296875
0.39296875
0.39296875
0.39296875
0.411576716105143
0.411576716105143
0.411576716105143
0.411576716105143
0.411576716105143
0.411576716105143
0.411576716105143
0.411576716105143
0.438381385803223
0.438381385803223
0.438381385803223
0.438381385803223
0.438381385803223
0.438381385803223
0.438381385803223
0.438381385803223
0.466365750630697
0.466365750630697
0.466365750630697
0.466365750630697
0.466365750630697
0.466365750630697
0.466365750630697
0.466365750630697
0.49375
0.49375
0.49375
0.49375
0.49375
0.49375
0.49375
0.49375
0.5253630956014
0.5253630956014
0.5253630956014
0.5253630956014
0.5253630956014
0.5253630956014
0.5253630956014
0.548601404825846
0.548601404825846
0.548601404825846
0.548601404825846
0.548601404825846
0.548601404825846
0.548601404825846
0.548601404825846
0.568229166666667
0.568229166666667
0.568229166666667
0.568229166666667
0.568229166666667
0.568229166666667
0.568229166666667
0.568229166666667
0.568229166666667
0.583333333333333
0.583333333333333
0.583333333333333
0.583333333333333
0.583333333333333
0.583333333333333
0.583333333333333
0.583333333333333
0.589144484202067
0.589144484202067
0.589144484202067
0.589144484202067
0.589144484202067
0.589144484202067
0.589144484202067
0.589144484202067
0.58951457341512
0.58951457341512
0.58951457341512
0.58951457341512
0.58951457341512
0.58951457341512
0.58951457341512
0.58951457341512
0.584364763895671
0.584364763895671
0.584364763895671
0.584364763895671
0.584364763895671
0.584364763895671
0.584364763895671
0.573958333333333
0.573958333333333
0.573958333333333
0.573958333333333
0.573958333333333
0.573958333333333
0.573958333333333
0.573958333333333
0.558445676167806
0.558445676167806
0.558445676167806
0.558445676167806
0.558445676167806
0.558445676167806
0.558445676167806
0.558445676167806
0.535845915476481
0.535845915476481
0.535845915476481
0.535845915476481
0.535845915476481
0.535845915476481
0.535845915476481
0.510591634114583
0.510591634114583
0.510591634114583
0.510591634114583
0.510591634114583
0.510591634114583
0.510591634114583
0.510591634114583
0.510591634114583
0.487997531890869
0.487997531890869
0.487997531890869
0.487997531890869
0.487997531890869
0.487997531890869
0.487997531890869
0.487997531890869
0.463308588663737
0.463308588663737
0.463308588663737
0.463308588663737
0.463308588663737
0.463308588663737
0.463308588663737
0.463308588663737
