0,0.42421875
0.0333333333333333,0.42421875
0.0666666666666667,0.42421875
0.1,0.42421875
0.133333333333333,0.42421875
0.166666666666667,0.42421875
0.2,0.42421875
0.233333333333333,0.217823727925618
0.266666666666667,0.217823727925618
0.3,0.217823727925618
0.333333333333333,0.217823727925618
0.366666666666667,0.215104166666667
0.4,0.215104166666667
0.433333333333333,0.215104166666667
0.466666666666667,0.21484375
0.5,0.21484375
0.533333333333333,0.215296936035156
0.566666666666667,0.215296936035156
0.6,0.215296936035156
0.633333333333333,0.218186060587565
0.666666666666667,0.2234375
0.7,0.226965586344401
0.733333333333333,0.226965586344401
0.766666666666667,0.230096880594889
0.8,0.230096880594889
0.833333333333333,0.230096880594889
0.866666666666667,0.233506838480632
0.9,0.243534278869629
0.933333333333333,0.240077654520671
0.966666666666667,0.240077654520671
1,0.240077654520671
1.03333333333333,0.238541666666667
1.06666666666667,0.243129030863444
1.1,0.241666666666667
1.13333333333333,0.241666666666667
1.16666666666667,0.241666666666667
1.2,0.241666666666667
1.23333333333333,0.24147408803304
1.26666666666667,0.24147408803304
1.3,0.244010416666667
1.33333333333333,0.242687797546387
1.36666666666667,0.242687797546387
1.4,0.242687797546387
1.43333333333333,0.242687797546387
1.46666666666667,0.242687797546387
1.5,0.242687797546387
1.53333333333333,0.242687797546387
1.56666666666667,0.242687797546387
1.6,0.242687797546387
1.63333333333333,0.242687797546387
1.66666666666667,0.242687797546387
1.7,0.242687797546387
1.73333333333333,0.242687797546387
1.76666666666667,0.242687797546387
1.8,0.242687797546387
1.83333333333333,0.242687797546387
1.86666666666667,0.242687797546387
1.9,0.242687797546387
1.93333333333333,0.242687797546387
1.96666666666667,0.242687797546387
2,0.242687797546387
2.03333333333333,0.242687797546387
2.06666666666667,0.242687797546387
2.1,0.242687797546387
2.13333333333333,0.242687797546387
2.16666666666667,0.242687797546387
2.2,0.242687797546387
2.23333333333333,0.242687797546387
2.26666666666667,0.242687797546387
2.3,0.242687797546387
2.33333333333333,0.242687797546387
2.36666666666667,0.242687797546387
2.4,0.242687797546387
2.43333333333333,0.242687797546387
2.46666666666667,0.242687797546387
2.5,0.242687797546387
2.53333333333333,0.242687797546387
2.56666666666667,0.242687797546387
2.6,0.242687797546387
2.63333333333333,0.242687797546387
2.66666666666667,0.242687797546387
2.7,0.242687797546387
2.73333333333333,0.242687797546387
2.76666666666667,0.242687797546387
2.8,0.242687797546387
2.83333333333333,0.242687797546387
2.86666666666667,0.242687797546387
2.9,0.242687797546387
2.93333333333333,0.242687797546387
2.96666666666667,0.242687797546387
3,0.242687797546387
3.03333333333333,0.242687797546387
3.06666666666667,0.242687797546387
3.1,0.242687797546387
3.13333333333333,0.242687797546387
3.16666666666667,0.242687797546387
3.2,0.242687797546387
3.23333333333333,0.242687797546387
3.26666666666667,0.242687797546387
3.3,0.242687797546387
3.33333333333333,0.242687797546387
3.36666666666667,0.242687797546387
3.4,0.242687797546387
3.43333333333333,0.242687797546387
3.46666666666667,0.242687797546387
3.5,0.242687797546387
3.53333333333333,0.242687797546387
3.56666666666667,0.242687797546387
3.6,0.242687797546387
3.63333333333333,0.242687797546387
3.66666666666667,0.242687797546387
3.7,0.242687797546387
3.73333333333333,0.242687797546387
3.76666666666667,0.242687797546387
3.8,0.242687797546387
3.83333333333333,0.242687797546387
3.86666666666667,0.242687797546387
3.9,0.242687797546387
3.93333333333333,0.242687797546387
3.96666666666667,0.242687797546387
4,0.242687797546387
4.03333333333333,0.242687797546387
4.06666666666667,0.242687797546387
4.1,0.242687797546387
4.13333333333333,0.242687797546387
4.16666666666667,0.242687797546387
4.2,0.189992586771647
4.23333333333333,0.189992586771647
4.26666666666667,0.189992586771647
4.3,0.189992586771647
4.33333333333333,0.189992586771647
4.36666666666667,0.189992586771647
4.4,0.189992586771647
4.43333333333333,0.189992586771647
4.46666666666667,0.189992586771647
4.5,0.189992586771647
4.53333333333333,0.189992586771647
4.56666666666667,0.189992586771647
4.6,0.189992586771647
4.63333333333333,0.189992586771647
4.66666666666667,0.189992586771647
4.7,0.189992586771647
4.73333333333333,0.189992586771647
4.76666666666667,0.189992586771647
4.8,0.189992586771647
4.83333333333333,0.189992586771647
4.86666666666667,0.189992586771647
4.9,0.189992586771647
4.93333333333333,0.189992586771647
4.96666666666667,0.189992586771647
5,0.189992586771647
5.03333333333333,0.189992586771647
5.06666666666667,0.189992586771647
5.1,0.189992586771647
5.13333333333333,0.189992586771647
5.16666666666667,0.189992586771647
5.2,0.189992586771647
5.23333333333333,0.189992586771647
5.26666666666667,0.189992586771647
5.3,0.189992586771647
5.33333333333333,0.189992586771647
5.36666666666667,0.189992586771647
5.4,0.189992586771647
5.43333333333333,0.189992586771647
5.46666666666667,0.189992586771647
5.5,0.189992586771647
5.53333333333333,0.189992586771647
5.56666666666667,0.189992586771647
5.6,0.189992586771647
5.63333333333333,0.189992586771647
5.66666666666667,0.189992586771647
5.7,0.189992586771647
5.73333333333333,0.189992586771647
5.76666666666667,0.189992586771647
5.8,0.189992586771647
5.83333333333333,0.189992586771647
5.86666666666667,0.189992586771647
5.9,0.189992586771647
5.93333333333333,0.189992586771647
5.96666666666667,0.189992586771647
6,0.189992586771647
6.03333333333333,0.189992586771647
6.06666666666667,0.189992586771647
6.1,0.189992586771647
6.13333333333333,0.189992586771647
6.16666666666667,0.189992586771647
6.2,0.189992586771647
6.23333333333333,0.299131838480632
6.26666666666667,0.299131838480632
6.3,0.299131838480632
6.33333333333333,0.299131838480632
6.36666666666667,0.309742228190104
6.4,0.309742228190104
6.43333333333333,0.312760416666667
6.46666666666667,0.32408504486084
6.5,0.328261629740397
6.53333333333333,0.332234255472819
6.56666666666667,0.336514091491699
6.6,0.340296173095703
6.63333333333333,0.344227854410807
6.66666666666667,0.348067728678385
6.7,0.35187619527181
6.73333333333333,0.355853589375814
6.76666666666667,0.359502347310384
6.8,0.36329657236735
6.83333333333333,0.367007573445638
6.86666666666667,0.370513598124186
6.9,0.374293772379557
6.93333333333333,0.378028297424316
6.96666666666667,0.381736946105957
7,0.385366503397624
7.03333333333333,0.389870198567708
7.06666666666667,0.39375
7.1,0.397564188639323
7.13333333333333,0.401251856486003
7.16666666666667,0.405434290568034
7.2,0.40940850575765
7.23333333333333,0.413279215494792
7.26666666666667,0.417447916666667
7.3,0.421500078837077
7.33333333333333,0.425769297281901
7.36666666666667,0.430110359191895
7.4,0.434354782104492
7.43333333333333,0.439322916666667
7.46666666666667,0.448249181111654
7.5,0.448249181111654
7.53333333333333,0.452884038289388
7.56666666666667,0.457581901550293
7.6,0.462265396118164
7.63333333333333,0.466812928517659
7.66666666666667,0.471629238128662
7.7,0.475955518086751
7.73333333333333,0.480598672231038
7.76666666666667,0.484596761067708
7.8,0.488922182718913
7.83333333333333,0.492793305714925
7.86666666666667,0.496710650126139
7.9,0.5006210009257
7.93333333333333,0.504697481791178
7.96666666666667,0.508647028605143
8,0.512620194753011
8.03333333333333,0.516653537750244
8.06666666666667,0.520448557535807
8.1,0.524454275767008
8.13333333333333,0.528362464904785
8.16666666666667,0.532061004638672
8.2,0.536159896850586
8.23333333333333,0.540279420216878
8.26666666666667,0.543977514902751
8.3,0.547957483927409
8.33333333333333,0.551869106292725
8.36666666666667,0.555866400400797
8.4,0.559945360819499
8.43333333333333,0.56420571009318
8.46666666666667,0.568053913116455
8.5,0.572524483998617
8.53333333333333,0.576297028859456
8.56666666666667,0.580770842234294
8.6,0.584649562835693
8.63333333333333,0.589005597432454
8.66666666666667,0.592862065633138
8.7,0.596905962626139
8.73333333333333,0.600308386484782
8.76666666666667,0.604039223988851
8.8,0.604039223988851
8.83333333333333,0.604039223988851
8.86666666666667,0.613807074228923
8.9,0.617279084523519
8.93333333333333,0.620524120330811
8.96666666666667,0.623561318715413
9,0.626678371429443
9.03333333333333,0.626678371429443
9.06666666666667,0.629768498738607
9.1,0.632899316151937
9.13333333333333,0.638745816548665
9.16666666666667,0.641643524169922
9.2,0.644482962290446
9.23333333333333,0.647428099314372
9.26666666666667,0.650176111857096
9.3,0.652930132548014
9.33333333333333,0.655481274922689
9.36666666666667,0.658385721842448
9.4,0.658385721842448
9.43333333333333,0.661085065205892
9.46666666666667,0.663704013824463
9.5,0.666169897715251
9.53333333333333,0.668946170806885
9.56666666666667,0.671665477752686
9.6,0.674385833740234
9.63333333333333,0.680037530263265
9.66666666666667,0.68272590637207
9.7,0.685677083333333
9.73333333333333,0.688451385498047
9.76666666666667,0.688451385498047
9.8,0.691046110788981
9.83333333333333,0.69359458287557
9.86666666666667,0.696614583333333
9.9,0.698958333333333
9.93333333333333,0.701208114624023
9.96666666666667,0.703725624084473
10,0.706142171223958
10.0333333333333,0.708072916666667
10.0666666666667,0.709924538930257
10.1,0.711950461069743
10.1333333333333,0.713166014353434
10.1666666666667,0.71476100285848
10.2,0.716145833333333
10.2333333333333,0.717187722524007
10.2666666666667,0.718340237935384
10.3,0.71953125
10.3333333333333,0.720272064208984
10.3666666666667,0.720833333333333
10.4,0.72109375
10.4333333333333,0.720846589406331
10.4666666666667,0.7203125
10.5,0.718489583333333
10.5333333333333,0.718489583333333
10.5666666666667,0.71796875
10.6,0.716927083333333
10.6333333333333,0.715104166666667
10.6666666666667,0.713951174418131
10.7,0.712452665964762
10.7333333333333,0.710703976949056
10.7666666666667,0.709114583333333
10.8,0.707552083333333
10.8333333333333,0.70546875
10.8666666666667,0.703645833333333
10.9,0.701302083333333
10.9333333333333,0.699039618174235
10.9666666666667,0.697135416666667
11,0.694270833333333
11.0333333333333,0.6921875
11.0666666666667,0.68984375
11.1,0.6875
11.1333333333333,0.684784507751465
11.1666666666667,0.682291666666667
11.2,0.679947916666667
11.2333333333333,0.677170785268148
11.2666666666667,0.675
11.3,0.672409375508626
11.3333333333333,0.672409375508626
11.3666666666667,0.670152950286865
11.4,0.667708333333333
11.4333333333333,0.665630086263021
11.4666666666667,0.663134320576986
11.5,0.660782972971598
11.5333333333333,0.658614063262939
11.5666666666667,0.656682809193929
11.6,0.654246807098389
11.6333333333333,0.652167987823486
11.6666666666667,0.650223159790039
11.7,0.648306465148926
11.7333333333333,0.643595472971598
11.7666666666667,0.643595472971598
11.8,0.641640853881836
11.8333333333333,0.639412562052409
11.8666666666667,0.636979166666667
11.9,0.634635416666667
11.9333333333333,0.634635416666667
11.9666666666667,0.632612164815267
12,0.629947916666667
12.0333333333333,0.627799256642659
12.0666666666667,0.625520833333333
12.1,0.62275431950887
12.1333333333333,0.620496781667074
12.1666666666667,0.617758083343506
12.2,0.617758083343506
12.2333333333333,0.615601698557536
12.2666666666667,0.613085428873698
12.3,0.610416666666667
12.3333333333333,0.610416666666667
12.3666666666667,0.607640647888184
12.4,0.604988225301107
12.4333333333333,0.593229166666667
12.4666666666667,0.590092436472575
12.5,0.587101713816325
12.5333333333333,0.587101713816325
12.5666666666667,0.583646329243978
12.6,0.577302360534668
12.6333333333333,0.57421875
12.6666666666667,0.571097819010417
12.7,0.56796875
12.7333333333333,0.564847469329834
12.7666666666667,0.561883799235026
12.8,0.558879597981771
12.8333333333333,0.558879597981771
12.8666666666667,0.553380552927653
12.9,0.550849787394206
12.9333333333333,0.548122692108154
12.9666666666667,0.548122692108154
13,0.545833333333333
13.0333333333333,0.543575445810954
13.0666666666667,0.543575445810954
13.1,0.541331831614176
13.1333333333333,0.539127572377523
13.1666666666667,0.536979166666667
13.2,0.536979166666667
13.2333333333333,0.533425839742025
13.2666666666667,0.531510416666667
13.3,0.52978556950887
13.3333333333333,0.528102111816406
13.3666666666667,0.526344140370687
13.4,0.525046825408936
13.4333333333333,0.523528830210368
13.4666666666667,0.520484924316406
13.5,0.520484924316406
13.5333333333333,0.51889804204305
13.5666666666667,0.517564996083577
13.6,0.51649211247762
13.6333333333333,0.515104166666667
13.6666666666667,0.512671566009521
13.7,0.511530558268229
13.7333333333333,0.511530558268229
13.7666666666667,0.511530558268229
13.8,0.511530558268229
13.8333333333333,0.507215181986491
13.8666666666667,0.506323623657227
13.9,0.505299282073975
13.9333333333333,0.504272842407227
13.9666666666667,0.50322437286377
14,0.50322437286377
14.0333333333333,0.5015625
14.0666666666667,0.5015625
14.1,0.5015625
14.1333333333333,0.500520833333333
14.1666666666667,0.5
14.2,0.498454221089681
14.2333333333333,0.497571118672689
14.2666666666667,0.496875
14.3,0.495833333333333
14.3333333333333,0.4953125
14.3666666666667,0.49375
14.4,0.493229166666667
14.4333333333333,0.492447916666667
14.4666666666667,0.492447916666667
14.5,0.492447916666667
14.5333333333333,0.4921875
14.5666666666667,0.490558910369873
14.6,0.490076796213786
14.6333333333333,0.489322916666667
14.6666666666667,0.4890625
14.7,0.488802083333333
14.7333333333333,0.488116772969564
14.7666666666667,0.488020833333333
14.8,0.48828125
14.8333333333333,0.4890625
14.8666666666667,0.4890625
14.9,0.4890625
14.9333333333333,0.489583333333333
14.9666666666667,0.490000406901042
15,0.490873750050863
15.0333333333333,0.491470082600911
15.0666666666667,0.491470082600911
15.1,0.49268102645874
15.1333333333333,0.49321559270223
15.1666666666667,0.49321559270223
15.2,0.49321559270223
15.2333333333333,0.4953125
15.2666666666667,0.4953125
15.3,0.4963059425354
15.3333333333333,0.496943664550781
15.3666666666667,0.497980086008708
15.4,0.497980086008708
15.4333333333333,0.500833511352539
15.4666666666667,0.502082379659017
15.5,0.502957979838053
15.5333333333333,0.504218419392904
15.5666666666667,0.505471928914388
15.6,0.506722609202067
15.6333333333333,0.506722609202067
15.6666666666667,0.50797856648763
15.7,0.50797856648763
15.7333333333333,0.510585308074951
15.7666666666667,0.51217622756958
15.8,0.515181954701742
15.8333333333333,0.516666666666667
15.8666666666667,0.516666666666667
15.9,0.516666666666667
15.9333333333333,0.523745250701904
15.9666666666667,0.525643475850423
16,0.525643475850423
16.0333333333333,0.525643475850423
16.0666666666667,0.525643475850423
16.1,0.527510770161947
16.1333333333333,0.527510770161947
16.1666666666667,0.529750537872314
16.2,0.541294797261556
16.2333333333333,0.544010416666667
16.2666666666667,0.546223958333333
16.3,0.548715845743815
16.3333333333333,0.551302083333333
16.3666666666667,0.551302083333333
16.4,0.553991540273031
16.4333333333333,0.556770833333333
16.4666666666667,0.559620094299316
16.5,0.562826569875081
16.5333333333333,0.565800380706787
16.5666666666667,0.572046566009522
16.6,0.575423940022786
16.6333333333333,0.578601042429606
16.6666666666667,0.578601042429606
16.7,0.581939856211344
16.7333333333333,0.58524071375529
16.7666666666667,0.588465213775635
16.8,0.591835816701253
16.8333333333333,0.594883600870768
16.8666666666667,0.597565809885661
16.9,0.60028657913208
16.9333333333333,0.603302097320557
16.9666666666667,0.608347447713216
17,0.61059726079305
17.0333333333333,0.613294283548991
17.0666666666667,0.613294283548991
17.1,0.615924008687337
17.1333333333333,0.615924008687337
17.1666666666667,0.617978763580322
17.2,0.620645459493001
17.2333333333333,0.622916666666667
17.2666666666667,0.62523406346639
17.3,0.627418613433838
17.3333333333333,0.629616483052572
17.3666666666667,0.632102171579997
17.4,0.63661371866862
17.4333333333333,0.638822174072266
17.4666666666667,0.638822174072266
17.5,0.638822174072266
17.5333333333333,0.643229166666667
17.5666666666667,0.645622984568278
17.6,0.647916666666667
17.6333333333333,0.649922211964925
17.6666666666667,0.652083333333333
17.7,0.656421566009522
17.7333333333333,0.656421566009522
17.7666666666667,0.658532079060872
17.8,0.663104311625163
17.8333333333333,0.66545778910319
17.8666666666667,0.667588138580322
17.9,0.667588138580322
17.9333333333333,0.670071156819661
17.9666666666667,0.672514216105143
18,0.675023682912191
18.0333333333333,0.67734375
18.0666666666667,0.680137316385905
18.1,0.682623926798503
18.1333333333333,0.682623926798503
18.1666666666667,0.684895833333333
18.2,0.692708333333333
18.2333333333333,0.69513193766276
18.2666666666667,0.69513193766276
18.3,0.69765625
18.3333333333333,0.69765625
18.3666666666667,0.7
18.4,0.701925404866536
18.4333333333333,0.704564666748047
18.4666666666667,0.706510416666667
18.5,0.708333333333333
18.5333333333333,0.710387961069743
18.5666666666667,0.712239583333333
18.6,0.713541666666667
18.6333333333333,0.71640625
18.6666666666667,0.717310333251953
18.7,0.717310333251953
18.7333333333333,0.717310333251953
18.7666666666667,0.720833333333333
18.8,0.721111965179443
18.8333333333333,0.721206474304199
18.8666666666667,0.72109375
18.9,0.720052083333333
18.9333333333333,0.719046433766683
18.9666666666667,0.719046433766683
19,0.719046433766683
19.0333333333333,0.717447916666667
19.0666666666667,0.71640625
19.1,0.715104166666667
19.1333333333333,0.7140625
19.1666666666667,0.7125
19.2,0.7125
19.2333333333333,0.7109375
19.2666666666667,0.709635416666667
19.3,0.709635416666667
19.3333333333333,0.708087666829427
19.3666666666667,0.70625
19.4,0.704119332631429
19.4333333333333,0.701822916666667
19.4666666666667,0.701822916666667
19.5,0.69778372446696
19.5333333333333,0.695722007751465
19.5666666666667,0.69325787226359
19.6,0.690764204661051
19.6333333333333,0.686197916666667
19.6666666666667,0.684114583333333
19.7,0.684114583333333
19.7333333333333,0.679407056172689
19.7666666666667,0.676743857065837
19.8,0.674739583333333
19.8333333333333,0.672144317626953
19.8666666666667,0.67034018834432
19.9,0.667927360534668
19.9333333333333,0.666020806630452
19.9666666666667,0.663977940877279
20,0.661992295583089
20.0333333333333,0.65981190999349
20.0666666666667,0.657967885335286
20.1,0.656161975860596
20.1333333333333,0.654314708709717
20.1666666666667,0.652676391601563
20.2,0.650733629862467
20.2333333333333,0.649181493123372
20.2666666666667,0.649181493123372
20.3,0.647360197703044
20.3333333333333,0.645572916666667
20.3666666666667,0.643339761098226
20.4,0.641908582051595
20.4333333333333,0.640025552113851
20.4666666666667,0.638128566741943
20.5,0.636197916666667
20.5333333333333,0.634375
20.5666666666667,0.632552083333333
20.6,0.630769220987956
20.6333333333333,0.630769220987956
20.6666666666667,0.626818402608236
20.7,0.625091330210368
20.7333333333333,0.620833333333333
20.7666666666667,0.620833333333333
20.8,0.616927083333333
20.8333333333333,0.614834467569987
20.8666666666667,0.612503369649251
20.9,0.612503369649251
20.9333333333333,0.608164246877035
20.9666666666667,0.606128660837809
21,0.606128660837809
21.0333333333333,0.603645833333333
21.0666666666667,0.601110299428304
21.1,0.598958333333333
21.1333333333333,0.59375
21.1666666666667,0.59375
21.2,0.591281382242839
21.2333333333333,0.591281382242839
21.2666666666667,0.58515625
21.3,0.582988452911377
21.3333333333333,0.582988452911377
21.3666666666667,0.580139986673991
21.4,0.580139986673991
21.4333333333333,0.577012316385905
21.4666666666667,0.577012316385905
21.5,0.577012316385905
21.5333333333333,0.571521790822347
21.5666666666667,0.56336711247762
21.6,0.560750484466553
21.6333333333333,0.550620206197103
21.6666666666667,0.550620206197103
21.7,0.548494466145833
21.7333333333333,0.546614583333333
21.7666666666667,0.544484074910482
21.8,0.542522621154785
21.8333333333333,0.540717506408691
21.8666666666667,0.538883241017659
21.9,0.537159697214762
21.9333333333333,0.5359375
21.9666666666667,0.53331044514974
22,0.53331044514974
22.0333333333333,0.530729166666667
22.0666666666667,0.530729166666667
22.1,0.530729166666667
22.1333333333333,0.530729166666667
22.1666666666667,0.529597345987956
22.2,0.525696118672689
22.2333333333333,0.525145435333252
22.2666666666667,0.525145435333252
22.3,0.524627208709717
22.3333333333333,0.524106375376383
22.3666666666667,0.523664538065592
22.4,0.523283926645915
22.4333333333333,0.523007615407308
22.4666666666667,0.523007615407308
22.5,0.523010698954264
22.5333333333333,0.522916666666667
22.5666666666667,0.523177083333333
22.6,0.523450628916423
22.6333333333333,0.523450628916423
22.6666666666667,0.524346192677816
22.7,0.524346192677816
22.7333333333333,0.524911975860596
22.7666666666667,0.525520833333333
22.8,0.526214154561361
22.8333333333333,0.52686144510905
22.8666666666667,0.527791531880697
22.9,0.528757445017497
22.9333333333333,0.529838085174561
22.9666666666667,0.530877113342285
23,0.532291666666667
23.0333333333333,0.532291666666667
23.0666666666667,0.537157440185547
23.1,0.538541666666667
23.1333333333333,0.541927083333333
23.1666666666667,0.541927083333333
23.2,0.54393736521403
23.2333333333333,0.545658779144287
23.2666666666667,0.54765625
23.3,0.549849224090576
23.3333333333333,0.552083333333333
23.3666666666667,0.55427827835083
23.4,0.55427827835083
23.4333333333333,0.556918780008952
23.4666666666667,0.559267775217692
23.5,0.559267775217692
23.5333333333333,0.561945883433024
23.5666666666667,0.564549668629964
23.6,0.567188453674316
23.6333333333333,0.569950930277507
23.6666666666667,0.572752888997396
23.7,0.575596841176351
23.7333333333333,0.578548208872477
23.7666666666667,0.581478087107341
23.8,0.584375
23.8333333333333,0.5875
23.8666666666667,0.59024403889974
23.9,0.592765394846598
23.9333333333333,0.598177083333333
23.9666666666667,0.600260416666667
24,0.602680206298828
24.0333333333333,0.604906145731608
24.0666666666667,0.606933530171712
24.1,0.609053707122803
24.1333333333333,0.611315854390462
24.1666666666667,0.61338046391805
24.2,0.615209738413493
24.2333333333333,0.61725123723348
24.2666666666667,0.619270833333333
24.3,0.621614583333333
24.3333333333333,0.62335729598999
24.3666666666667,0.625045077006022
24.4,0.62877155939738
24.4333333333333,0.62877155939738
24.4666666666667,0.630729166666667
24.5,0.632736015319824
24.5333333333333,0.634131590525309
24.5666666666667,0.635963503519694
24.6,0.637740135192871
24.6333333333333,0.639720217386882
24.6666666666667,0.641145833333333
24.7,0.642637316385905
24.7333333333333,0.644612630208333
24.7666666666667,0.646307182312012
24.8,0.648177083333333
24.8333333333333,0.649827512105306
24.8666666666667,0.651588090260824
24.9,0.653202311197917
24.9333333333333,0.65460729598999
24.9666666666667,0.656476497650146
25,0.657984066009522
25.0333333333333,0.661608028411865
25.0666666666667,0.66328125
25.1,0.665107536315918
25.1333333333333,0.665107536315918
25.1666666666667,0.668595472971598
25.2,0.670833333333333
25.2333333333333,0.672740809122721
25.2666666666667,0.674509461720785
25.3,0.6765625
25.3333333333333,0.678737163543701
25.3666666666667,0.680566469828288
25.4,0.682552083333333
25.4333333333333,0.684552669525146
25.4666666666667,0.684552669525146
25.5,0.68671875
25.5333333333333,0.688541666666667
25.5666666666667,0.690625
25.6,0.692597007751465
25.6333333333333,0.694179566701253
25.6666666666667,0.694179566701253
25.7,0.698027992248535
25.7333333333333,0.699479166666667
25.7666666666667,0.701302083333333
25.8,0.702432759602865
25.8333333333333,0.704137961069743
25.8666666666667,0.705283355712891
25.9,0.706527233123779
25.9333333333333,0.707552083333333
25.9666666666667,0.708333333333333
26,0.70977300008138
26.0333333333333,0.70977300008138
26.0666666666667,0.710748926798503
26.1,0.710748926798503
26.1333333333333,0.710677083333333
26.1666666666667,0.710293833414714
26.2,0.710293833414714
26.2333333333333,0.709635416666667
26.2666666666667,0.708854166666667
26.3,0.708072916666667
26.3333333333333,0.707291666666667
26.3666666666667,0.70625
26.4,0.705208333333333
26.4333333333333,0.70390625
26.4666666666667,0.701041666666667
26.5,0.701041666666667
26.5333333333333,0.699739583333333
26.5666666666667,0.697916666666667
26.6,0.696242841084798
26.6333333333333,0.69453125
26.6666666666667,0.692708333333333
26.7,0.692708333333333
26.7333333333333,0.689173825581868
26.7666666666667,0.687239583333333
26.8,0.685416666666667
26.8333333333333,0.683158079783122
26.8666666666667,0.681333478291829
26.9,0.679273796081543
26.9333333333333,0.67726469039917
26.9666666666667,0.675416056315104
27,0.6740159034729
27.0333333333333,0.671875
27.0666666666667,0.669976488749186
27.1,0.668229166666667
27.1333333333333,0.666247113545736
27.1666666666667,0.664583333333333
27.2,0.663020833333333
27.2333333333333,0.661383724212646
27.2666666666667,0.659546566009521
27.3,0.658072916666667
27.3333333333333,0.656628481547038
27.3666666666667,0.654792340596517
27.4,0.653604030609131
27.4333333333333,0.653604030609131
27.4666666666667,0.650520833333333
27.5,0.650520833333333
27.5333333333333,0.649105230967204
27.5666666666667,0.647315152486165
27.6,0.64597266515096
27.6333333333333,0.644123204549154
27.6666666666667,0.64267307917277
27.7,0.640885416666667
27.7333333333333,0.639224847157796
27.7666666666667,0.637593301137288
27.8,0.634046045939128
27.8333333333333,0.634046045939128
27.8666666666667,0.630400848388672
27.9,0.62871945699056
27.9333333333333,0.626717885335286
27.9666666666667,0.624801158905029
28,0.622939968109131
28.0333333333333,0.620833333333333
28.0666666666667,0.618824323018392
28.1,0.616927083333333
28.1333333333333,0.616927083333333
28.1666666666667,0.614609368642171
28.2,0.6125
28.2333333333333,0.61015625
28.2666666666667,0.61015625
28.3,0.605828539530436
28.3333333333333,0.603497695922852
28.3666666666667,0.601041666666667
28.4,0.598506132761637
28.4333333333333,0.59618231455485
28.4666666666667,0.593489583333333
28.5,0.590935611724854
28.5333333333333,0.588054688771566
28.5666666666667,0.58531977335612
28.6,0.58531977335612
28.6333333333333,0.582567469278971
28.6666666666667,0.582567469278971
28.7,0.5796875
28.7333333333333,0.57109375
28.7666666666667,0.57109375
28.8,0.567867501576741
28.8333333333333,0.565104166666667
28.8666666666667,0.562375450134277
28.9,0.5598388671875
28.9333333333333,0.557153797149658
28.9666666666667,0.55463015238444
29,0.552083333333333
29.0333333333333,0.552083333333333
29.0666666666667,0.549671045939128
29.1,0.547482967376709
29.1333333333333,0.543133799235026
29.1666666666667,0.541281000773112
29.2,0.539322916666667
29.2333333333333,0.537385177612305
29.2666666666667,0.535773022969564
29.3,0.534114583333333
29.3333333333333,0.532569217681885
29.3666666666667,0.530989583333333
29.4,0.530989583333333
29.4333333333333,0.530989583333333
29.4666666666667,0.527779452006022
29.5,0.523958333333333
29.5333333333333,0.523958333333333
29.5666666666667,0.522705078125
29.6,0.521516609191895
29.6333333333333,0.520245933532715
29.6666666666667,0.518947823842366
29.7,0.518006006876628
29.7333333333333,0.516927083333333
29.7666666666667,0.516927083333333
29.8,0.516145833333333
29.8333333333333,0.515280024210612
29.8666666666667,0.514322916666667
29.9,0.513541666666667
29.9333333333333,0.511836687723796
29.9666666666667,0.511074225107829
30,0.510416666666667
30.0333333333333,0.509400590260824
30.0666666666667,0.508937644958496
30.1,0.508424663543701
30.1333333333333,0.507867813110352
30.1666666666667,0.507867813110352
30.2,0.507867813110352
30.2333333333333,0.507867813110352
30.2666666666667,0.506273301442464
30.3,0.5046875
30.3333333333333,0.504427083333333
30.3666666666667,0.504427083333333
30.4,0.503385416666667
30.4333333333333,0.503027375539144
30.4666666666667,0.502801513671875
30.5,0.502801513671875
30.5333333333333,0.50234375
30.5666666666667,0.50234375
30.6,0.50224568049113
30.6333333333333,0.502006022135417
30.6666666666667,0.502006022135417
30.7,0.501885986328125
30.7333333333333,0.501885986328125
30.7666666666667,0.502083333333333
30.8,0.502406819661458
30.8333333333333,0.502610937754313
30.8666666666667,0.502687644958496
30.9,0.502687644958496
30.9333333333333,0.503125
30.9666666666667,0.503385416666667
31,0.50390625
31.0333333333333,0.504166666666667
31.0666666666667,0.504500452677409
31.1,0.505119196573893
31.1333333333333,0.505820496877034
31.1666666666667,0.50625
31.2,0.506431674957275
31.2333333333333,0.50709711710612
31.2666666666667,0.50709711710612
31.3,0.507365290323893
31.3333333333333,0.507815869649251
31.3666666666667,0.508234818776449
31.4,0.508333333333333
31.4333333333333,0.508580207824707
31.4666666666667,0.509067853291829
31.5,0.509895833333333
31.5333333333333,0.510564708709717
31.5666666666667,0.510564708709717
31.6,0.511276308695475
31.6333333333333,0.511606375376383
31.6666666666667,0.511606375376383
31.7,0.51203556060791
31.7333333333333,0.512746874491374
31.7666666666667,0.5134414990743
31.8,0.5134414990743
31.8333333333333,0.514649454752604
31.8666666666667,0.515291563669841
31.9,0.515291563669841
31.9333333333333,0.51728556950887
31.9666666666667,0.51728556950887
32,0.518053881327311
32.0333333333333,0.518973159790039
32.0666666666667,0.519684441884359
32.1,0.520572916666667
32.1333333333333,0.521695963541667
32.1666666666667,0.521695963541667
32.2,0.522493902842204
32.2333333333333,0.524505647023519
32.2666666666667,0.525260416666667
32.3,0.525260416666667
32.3333333333333,0.528751977284749
32.3666666666667,0.530041154225667
32.4,0.531210358937581
32.4333333333333,0.531210358937581
32.4666666666667,0.531210358937581
32.5,0.532552083333333
32.5333333333333,0.533854166666667
32.5666666666667,0.534987163543701
32.6,0.536140791575114
32.6333333333333,0.537476698557536
32.6666666666667,0.539131418863932
32.7,0.540518856048584
32.7333333333333,0.542211437225342
32.7666666666667,0.545583852132161
32.8,0.54749797185262
32.8333333333333,0.54749797185262
32.8666666666667,0.54749797185262
32.9,0.54749797185262
32.9333333333333,0.549547227223714
32.9666666666667,0.557911014556885
33,0.56015625
33.0333333333333,0.56015625
33.0666666666667,0.56243356068929
33.1,0.56243356068929
33.1333333333333,0.564917119344076
33.1666666666667,0.567554759979248
33.2,0.572221279144287
33.2333333333333,0.572221279144287
33.2666666666667,0.575
33.3,0.575
33.3333333333333,0.58507178624471
33.3666666666667,0.5875
33.4,0.590104166666667
33.4333333333333,0.5921875
33.4666666666667,0.594487031300863
33.5,0.594487031300863
33.5333333333333,0.596427186330159
33.5666666666667,0.596427186330159
33.6,0.600344880421956
33.6333333333333,0.600344880421956
33.6666666666667,0.602381070454915
33.7,0.604416179656982
33.7333333333333,0.605876668294271
33.7666666666667,0.605876668294271
33.8,0.605876668294271
33.8333333333333,0.605876668294271
33.8666666666667,0.605876668294271
33.9,0.605876668294271
33.9333333333333,0.605876668294271
33.9666666666667,0.605876668294271
34,0.605876668294271
34.0333333333333,0.605876668294271
34.0666666666667,0.605876668294271
34.1,0.605876668294271
34.1333333333333,0.605876668294271
34.1666666666667,0.605876668294271
34.2,0.605876668294271
34.2333333333333,0.605876668294271
34.2666666666667,0.605876668294271
34.3,0.605876668294271
34.3333333333333,0.605876668294271
34.3666666666667,0.605876668294271
34.4,0.605876668294271
34.4333333333333,0.605876668294271
34.4666666666667,0.605876668294271
34.5,0.605876668294271
34.5333333333333,0.605876668294271
34.5666666666667,0.605876668294271
34.6,0.605876668294271
34.6333333333333,0.605876668294271
34.6666666666667,0.605876668294271
34.7,0.605876668294271
34.7333333333333,0.605876668294271
34.7666666666667,0.605876668294271
34.8,0.605876668294271
34.8333333333333,0.605876668294271
34.8666666666667,0.605876668294271
34.9,0.605876668294271
34.9333333333333,0.605876668294271
34.9666666666667,0.605876668294271
35,0.605876668294271
35.0333333333333,0.605876668294271
35.0666666666667,0.605876668294271
35.1,0.605876668294271
35.1333333333333,0.605876668294271
35.1666666666667,0.676743857065837
35.2,0.679253482818604
35.2333333333333,0.681510416666667
35.2666666666667,0.683854166666667
35.3,0.683854166666667
35.3333333333333,0.6890625
35.3666666666667,0.691637961069743
35.4,0.693489583333333
35.4333333333333,0.695572916666667
35.4666666666667,0.697916666666667
35.5,0.697916666666667
35.5333333333333,0.700260416666667
35.5666666666667,0.701822916666667
35.6,0.701822916666667
35.6333333333333,0.701822916666667
35.6666666666667,0.711589527130127
35.7,0.712760416666667
35.7333333333333,0.71328125
35.7666666666667,0.71328125
35.8,0.71328125
35.8333333333333,0.7140625
35.8666666666667,0.714583333333333
35.9,0.714583333333333
35.9333333333333,0.715104166666667
35.9666666666667,0.715104166666667
36,0.715075461069743
36.0333333333333,0.715075461069743
36.0666666666667,0.71484375
36.1,0.714583333333333
36.1333333333333,0.713873926798503
36.1666666666667,0.713802083333333
36.2,0.713020833333333
36.2333333333333,0.712760416666667
36.2666666666667,0.712760416666667
36.3,0.712388674418131
36.3333333333333,0.708072916666667
36.3666666666667,0.706510416666667
36.4,0.704947916666667
36.4333333333333,0.704947916666667
36.4666666666667,0.703013674418132
36.5,0.700918833414714
36.5333333333333,0.698958333333333
36.5666666666667,0.696614583333333
36.6,0.69453125
36.6333333333333,0.692447916666667
36.6666666666667,0.692447916666667
36.7,0.6875
36.7333333333333,0.684895833333333
36.7666666666667,0.6828125
36.8,0.679876073201497
36.8333333333333,0.677604166666667
36.8666666666667,0.677604166666667
36.9,0.675025526682536
36.9333333333333,0.672719319661458
36.9666666666667,0.672719319661458
37,0.672719319661458
37.0333333333333,0.672719319661458
37.0666666666667,0.66796875
37.1,0.665625
37.1333333333333,0.665625
37.1666666666667,0.656165568033854
37.2,0.653824329376221
37.2333333333333,0.6515625
37.2666666666667,0.6515625
37.3,0.64921875
37.3333333333333,0.646614583333333
37.3666666666667,0.646614583333333
37.4,0.636884625752767
37.4333333333333,0.636884625752767
37.4666666666667,0.634375
37.5,0.632048257191976
37.5333333333333,0.632048257191976
37.5666666666667,0.632048257191976
37.6,0.6296875
37.6333333333333,0.6171875
37.6666666666667,0.6171875
37.7,0.6140625
37.7333333333333,0.611979166666667
37.7666666666667,0.611979166666667
37.8,0.609114583333333
37.8333333333333,0.606573486328125
37.8666666666667,0.603547509511312
37.9,0.600757058461507
37.9333333333333,0.595572916666667
37.9666666666667,0.595572916666667
38,0.592274824778239
38.0333333333333,0.589617188771566
38.0666666666667,0.586768245697021
38.1,0.586768245697021
38.1333333333333,0.58359375
38.1666666666667,0.577444553375244
38.2,0.577444553375244
38.2333333333333,0.574676513671875
38.2666666666667,0.57146577835083
38.3,0.568232536315918
38.3333333333333,0.565762869517008
38.3666666666667,0.562760416666667
38.4,0.559548632303874
38.4333333333333,0.557291666666667
38.4666666666667,0.554397042592367
38.5,0.55170939763387
38.5333333333333,0.542705345153809
38.5666666666667,0.540690199534098
38.6,0.540690199534098
38.6333333333333,0.538798236846924
38.6666666666667,0.536810557047526
38.7,0.533678309122721
38.7333333333333,0.533678309122721
38.7666666666667,0.532271385192871
38.8,0.530663967132568
38.8333333333333,0.529071299235026
38.8666666666667,0.527607536315918
38.9,0.526319090525309
38.9333333333333,0.526319090525309
38.9666666666667,0.525487327575684
39,0.525487327575684
39.0333333333333,0.524429575602214
39.0666666666667,0.522445996602376
39.1,0.522445996602376
39.1333333333333,0.521525732676188
39.1666666666667,0.520576985677083
39.2,0.520576985677083
39.2333333333333,0.519270833333333
39.2666666666667,0.518506590525309
39.3,0.518506590525309
39.3333333333333,0.518006451924642
39.3666666666667,0.5171875
39.4,0.516862837473551
39.4333333333333,0.5167236328125
39.4666666666667,0.5167236328125
39.5,0.516578642527262
39.5333333333333,0.516357962290446
39.5666666666667,0.516477266947428
39.6,0.516665808359782
39.6333333333333,0.516665808359782
39.6666666666667,0.516753482818604
39.7,0.51733668645223
39.7333333333333,0.517708333333333
39.7666666666667,0.518047142028809
39.8,0.518552525838216
39.8333333333333,0.519270833333333
39.8666666666667,0.519270833333333
39.9,0.519871648152669
39.9333333333333,0.522736136118571
39.9666666666667,0.522736136118571
40,0.523609987894694
40.0333333333333,0.524590555826823
40.0666666666667,0.524590555826823
40.1,0.525503222147624
40.1333333333333,0.525503222147624
40.1666666666667,0.526465511322021
40.2,0.526465511322021
40.2333333333333,0.527604166666667
40.2666666666667,0.5328125
40.3,0.5328125
40.3333333333333,0.534114583333333
40.3666666666667,0.535416666666667
40.4,0.536684481302897
40.4333333333333,0.538322321573893
40.4666666666667,0.538322321573893
40.5,0.542049630482991
40.5333333333333,0.542049630482991
40.5666666666667,0.545863119761149
40.6,0.547864882151286
40.6333333333333,0.55
40.6666666666667,0.552169195810954
40.7,0.554541238149007
40.7333333333333,0.55703125
40.7666666666667,0.55703125
40.8,0.559639930725098
40.8333333333333,0.562220986684163
40.8666666666667,0.567582003275553
40.9,0.567582003275553
40.9333333333333,0.570576985677083
40.9666666666667,0.570576985677083
41,0.573501841227214
41.0333333333333,0.579395612080892
41.0666666666667,0.582341416676839
41.1,0.587959543863932
41.1333333333333,0.590910466512044
41.1666666666667,0.590910466512044
41.2,0.593676598866781
41.2333333333333,0.5962890625
41.2666666666667,0.606055386861165
41.3,0.606055386861165
41.3333333333333,0.608333333333333
41.3666666666667,0.61015625
41.4,0.612573782602946
41.4333333333333,0.616696707407633
41.4666666666667,0.61875
41.5,0.61875
41.5333333333333,0.620995267232259
41.5666666666667,0.622995885213216
41.6,0.622995885213216
41.6333333333333,0.626895459493001
41.6666666666667,0.62890625
41.7,0.630961068471273
41.7333333333333,0.632746346791585
41.7666666666667,0.634635416666667
41.8,0.634635416666667
41.8333333333333,0.634635416666667
41.8666666666667,0.636524327596029
41.9,0.642197545369466
41.9333333333333,0.642197545369466
41.9666666666667,0.646041870117188
42,0.646041870117188
42.0333333333333,0.649523099263509
42.0666666666667,0.651384003957113
42.1,0.653415457407634
42.1333333333333,0.655060704549154
42.1666666666667,0.655060704549154
42.2,0.658864212036133
42.2333333333333,0.660728168487549
42.2666666666667,0.660728168487549
42.3,0.662686983744303
42.3333333333333,0.664780362447103
42.3666666666667,0.66683292388916
42.4,0.66683292388916
42.4333333333333,0.668707625071208
42.4666666666667,0.673033364613851
42.5,0.675279172261556
42.5333333333333,0.677416292826335
42.5666666666667,0.677416292826335
42.6,0.68227055867513
42.6333333333333,0.68227055867513
42.6666666666667,0.686586888631185
42.7,0.690885416666667
42.7333333333333,0.690885416666667
42.7666666666667,0.693229166666667
42.8,0.694900798797607
42.8333333333333,0.694900798797607
42.8666666666667,0.694900798797607
42.9,0.699266624450684
42.9333333333333,0.70464038848877
42.9666666666667,0.706139087677002
43,0.70776538848877
43.0333333333333,0.709014383951823
43.0666666666667,0.710416666666667
43.1,0.710416666666667
43.1333333333333,0.711107921600342
43.1666666666667,0.712224451700846
43.2,0.712833436330159
43.2333333333333,0.712833436330159
43.2666666666667,0.713638496398926
43.3,0.713638496398926
43.3333333333333,0.714095465342204
43.3666666666667,0.714212004343669
43.4,0.71484375
43.4333333333333,0.715057690938314
43.4666666666667,0.715364583333333
43.5,0.715073108673096
43.5333333333333,0.715073108673096
43.5666666666667,0.715364583333333
43.6,0.714811547597249
43.6333333333333,0.714351844787598
43.6666666666667,0.714069970448812
43.7,0.714340273539225
43.7333333333333,0.714082717895508
43.7666666666667,0.714378356933594
43.8,0.714378356933594
43.8333333333333,0.71474978129069
43.8666666666667,0.71474978129069
43.9,0.715171877543131
43.9333333333333,0.715364583333333
43.9666666666667,0.715089639027913
44,0.71484375
44.0333333333333,0.71484375
44.0666666666667,0.714506880442301
44.1,0.714583333333333
44.1333333333333,0.71484375
44.1666666666667,0.715104166666667
44.2,0.71484375
44.2333333333333,0.714612038930257
44.2666666666667,0.714612038930257
44.3,0.714694658915202
44.3333333333333,0.714694658915202
44.3666666666667,0.71455462773641
44.4,0.71484375
44.4333333333333,0.715000947316488
44.4666666666667,0.714671770731608
44.5,0.71484375
44.5333333333333,0.71484375
44.5666666666667,0.71484375
44.6,0.714992841084798
44.6333333333333,0.71484375
44.6666666666667,0.71484375
44.7,0.714960543314616
44.7333333333333,0.71484375
44.7666666666667,0.714622402191162
44.8,0.715104166666667
44.8333333333333,0.71484375
44.8666666666667,0.715075461069743
44.9,0.714694658915202
44.9333333333333,0.71484375
44.9666666666667,0.714828618367513
45,0.71484375
45.0333333333333,0.71484375
45.0666666666667,0.714603551228841
45.1,0.714612038930257
45.1333333333333,0.714828618367513
45.1666666666667,0.714915593465169
45.2,0.714740784962972
45.2333333333333,0.714670658111572
45.2666666666667,0.714658355712891
45.3,0.714992841084798
45.3333333333333,0.714992841084798
45.3666666666667,0.71484375
45.4,0.71484375
45.4333333333333,0.71484375
45.4666666666667,0.714831765492757
45.5,0.715098508199056
45.5333333333333,0.714828618367513
45.5666666666667,0.714891624450684
45.6,0.714686298370361
45.6333333333333,0.71484375
45.6666666666667,0.71484375
45.7,0.71484375
45.7333333333333,0.71474978129069
45.7666666666667,0.714960543314616
45.8,0.71484375
45.8333333333333,0.714452807108561
45.8666666666667,0.714694658915202
45.9,0.714694658915202
45.9333333333333,0.714419364929199
45.9666666666667,0.714322916666667
46,0.714400068918864
46.0333333333333,0.714400068918864
46.0666666666667,0.714373524983724
46.1,0.714771906534831
46.1333333333333,0.714771906534831
46.1666666666667,0.714419364929199
46.2,0.714419364929199
46.2333333333333,0.714402039845785
46.2666666666667,0.71436513264974
46.3,0.714154275258382
46.3333333333333,0.714322916666667
46.3666666666667,0.714322916666667
46.4,0.714219951629639
46.4333333333333,0.714386367797852
46.4666666666667,0.714386367797852
46.5,0.714322916666667
46.5333333333333,0.714520486195882
46.5666666666667,0.714520486195882
46.6,0.71418285369873
46.6333333333333,0.71418285369873
46.6666666666667,0.71445213953654
46.7,0.71445213953654
46.7333333333333,0.714173825581868
46.7666666666667,0.714173825581868
46.8,0.714379215240479
46.8333333333333,0.714379215240479
46.8666666666667,0.714322916666667
46.9,0.714322916666667
46.9333333333333,0.714165465037028
46.9666666666667,0.714165465037028
47,0.714165465037028
47.0333333333333,0.714165465037028
47.0666666666667,0.714322916666667
47.1,0.714073340098063
47.1333333333333,0.71430778503418
47.1666666666667,0.714137522379557
47.2,0.714015165964762
47.2333333333333,0.713925329844157
47.2666666666667,0.71437079111735
47.3,0.7140625
47.3333333333333,0.714322916666667
47.3666666666667,0.714322916666667
47.4,0.7140625
47.4333333333333,0.713989480336507
47.4666666666667,0.71430778503418
47.5,0.71430778503418
47.5333333333333,0.71430778503418
47.5666666666667,0.714033794403076
47.6,0.713882033030192
47.6333333333333,0.71415220896403
47.6666666666667,0.71415220896403
47.7,0.713945070902506
47.7333333333333,0.713955275217692
47.7666666666667,0.713955275217692
47.8,0.713955275217692
47.8333333333333,0.7140625
47.8666666666667,0.713875102996826
47.9,0.7140625
47.9333333333333,0.713802083333333
47.9666666666667,0.71394198735555
48,0.713873926798503
48.0333333333333,0.714322916666667
48.0666666666667,0.7140625
48.1,0.713806851704915
48.1333333333333,0.713806851704915
48.1666666666667,0.71379353205363
48.2,0.71381680170695
48.2333333333333,0.713802083333333
48.2666666666667,0.713916651407878
48.3,0.713935820261637
48.3333333333333,0.713802083333333
48.3666666666667,0.713712628682454
48.4,0.713786951700846
48.4333333333333,0.713616689046224
48.4666666666667,0.7140625
48.5,0.713644631703695
48.5333333333333,0.713644631703695
48.5666666666667,0.713802083333333
48.6,0.713707160949707
48.6333333333333,0.714033794403076
48.6666666666667,0.713561884562175
48.7,0.71357463200887
48.7333333333333,0.713802083333333
48.7666666666667,0.713811906178792
48.8,0.713802083333333
48.8333333333333,0.713802083333333
48.8666666666667,0.713786951700846
48.9,0.713802083333333
48.9333333333333,0.713557116190592
48.9666666666667,0.713802083333333
49,0.713479487101237
49.0333333333333,0.713802083333333
49.0666666666667,0.713359864552816
49.1,0.713541666666667
49.1333333333333,0.713218307495117
49.1666666666667,0.713361199696859
49.2,0.713760789235433
49.2333333333333,0.713352553049723
49.2666666666667,0.713389460245768
49.3,0.713659572601318
49.3333333333333,0.713593006134033
49.3666666666667,0.713593006134033
49.4,0.713381417592367
49.4333333333333,0.713221168518066
49.4666666666667,0.713221168518066
49.5,0.713221168518066
49.5333333333333,0.713312498728434
49.5666666666667,0.713312498728434
49.6,0.713802083333333
49.6333333333333,0.71328125
49.6666666666667,0.713541666666667
49.7,0.71328125
49.7333333333333,0.713434441884359
49.7666666666667,0.71328125
49.8,0.713248093922933
49.8333333333333,0.713209406534831
49.8666666666667,0.71328125
49.9,0.713132158915202
49.9333333333333,0.71328125
49.9666666666667,0.713468647003174
50,0.71328125
50.0333333333333,0.713095855712891
50.0666666666667,0.713049538930257
50.1,0.71328125
50.1333333333333,0.713120396931966
50.1666666666667,0.713541666666667
50.2,0.71328125
50.2333333333333,0.71328125
50.2666666666667,0.71328125
50.3,0.71328125
50.3333333333333,0.71328125
50.3666666666667,0.71328125
50.4,0.71328125
50.4333333333333,0.71328125
50.4666666666667,0.71328125
50.5,0.713178284962972
50.5333333333333,0.713132158915202
50.5666666666667,0.71328125
50.6,0.713069661458333
50.6333333333333,0.713069661458333
50.6666666666667,0.713132158915202
50.7,0.713418833414714
50.7333333333333,0.71328125
50.7666666666667,0.713541666666667
50.8,0.713178284962972
50.8333333333333,0.713341331481934
50.8666666666667,0.713341331481934
50.9,0.713269265492757
50.9333333333333,0.713114356994629
50.9666666666667,0.713132158915202
51,0.713326549530029
51.0333333333333,0.713132158915202
51.0666666666667,0.713020833333333
51.1,0.71288366317749
51.1333333333333,0.71328125
51.1666666666667,0.71328125
51.2,0.713049538930257
51.2333333333333,0.71328125
51.2666666666667,0.712969938913981
51.3,0.712969938913981
51.3333333333333,0.713020833333333
51.3666666666667,0.713132158915202
51.4,0.713020833333333
51.4333333333333,0.71328125
51.4666666666667,0.712620417277018
51.5,0.71328125
51.5333333333333,0.712760416666667
51.5666666666667,0.713020833333333
51.6,0.712839031219482
51.6333333333333,0.712839031219482
51.6666666666667,0.712760416666667
51.7,0.712528705596924
51.7333333333333,0.713132158915202
51.7666666666667,0.713020833333333
51.8,0.712934017181396
51.8333333333333,0.712760416666667
51.8666666666667,0.71299212773641
51.9,0.713020833333333
51.9333333333333,0.7125
51.9666666666667,0.712657451629639
52,0.712760416666667
52.0333333333333,0.713020833333333
52.0666666666667,0.713132158915202
52.1,0.712620417277018
52.1333333333333,0.712861315409342
52.1666666666667,0.712760416666667
52.2,0.712760416666667
52.2333333333333,0.712760416666667
52.2666666666667,0.712805716196696
52.3,0.7125
52.3333333333333,0.713020833333333
52.3666666666667,0.712909507751465
52.4,0.712760416666667
52.4333333333333,0.712760416666667
52.4666666666667,0.712760416666667
52.5,0.712770430246989
52.5333333333333,0.712909507751465
52.5666666666667,0.712760416666667
52.6,0.712760416666667
52.6333333333333,0.712760416666667
52.6666666666667,0.712760416666667
52.7,0.712760416666667
52.7333333333333,0.712760416666667
52.7666666666667,0.712611325581868
52.8,0.712688573201497
52.8333333333333,0.712832260131836
52.8666666666667,0.712528705596924
52.9,0.712630208333333
52.9333333333333,0.7125
52.9666666666667,0.7125
53,0.712760416666667
53.0333333333333,0.712760416666667
53.0666666666667,0.712760416666667
53.1,0.712832260131836
53.1333333333333,0.712502384185791
53.1666666666667,0.712524573008219
53.2,0.712760416666667
53.2333333333333,0.712760416666667
53.2666666666667,0.712760416666667
53.3,0.7125
53.3333333333333,0.712449105580648
53.3666666666667,0.7125
53.4,0.712325572967529
53.4333333333333,0.712285137176514
53.4666666666667,0.7125
53.5,0.7125
53.5333333333333,0.712388674418131
53.5666666666667,0.712239583333333
53.6,0.712239583333333
53.6333333333333,0.712319533030192
53.6666666666667,0.712319533030192
53.7,0.7125
53.7333333333333,0.7125
53.7666666666667,0.7125
53.8,0.712596893310547
53.8333333333333,0.712319533030192
53.8666666666667,0.712319533030192
53.9,0.7125
53.9333333333333,0.712530040740967
53.9666666666667,0.712311426798503
54,0.7125
54.0333333333333,0.712373320261637
54.0666666666667,0.712290191650391
54.1,0.7125
54.1333333333333,0.712239583333333
54.1666666666667,0.7125
54.2,0.712213548024495
54.2333333333333,0.712213548024495
54.2666666666667,0.712239583333333
54.3,0.7125
54.3333333333333,0.7125
54.3666666666667,0.712310250600179
54.4,0.7125
54.4333333333333,0.712239583333333
54.4666666666667,0.7125
54.5,0.712388674418131
54.5333333333333,0.712388674418131
54.5666666666667,0.712239583333333
54.6,0.712311426798503
54.6333333333333,0.712239583333333
54.6666666666667,0.712310250600179
54.7,0.712310250600179
54.7333333333333,0.712310250600179
54.7666666666667,0.712454032897949
54.8,0.712082163492839
54.8333333333333,0.712239583333333
54.8666666666667,0.712311426798503
54.9,0.712072690327962
54.9333333333333,0.712311426798503
54.9666666666667,0.712373320261637
55,0.712373320261637
55.0333333333333,0.712082163492839
55.0666666666667,0.712324047088623
55.1,0.711979166666667
55.1333333333333,0.712090492248535
55.1666666666667,0.712072690327962
55.2,0.712082131703695
55.2333333333333,0.712239583333333
55.2666666666667,0.712239583333333
55.3,0.711860275268555
55.3333333333333,0.711860275268555
55.3666666666667,0.711860275268555
55.4,0.71207488377889
55.4333333333333,0.711804739634196
55.4666666666667,0.71181681950887
55.5,0.71181681950887
55.5333333333333,0.711979166666667
55.5666666666667,0.711852486928304
55.6,0.711979166666667
55.6333333333333,0.712239583333333
55.6666666666667,0.71171875
55.7,0.712070020039876
55.7333333333333,0.712070020039876
55.7666666666667,0.711979166666667
55.8,0.711979166666667
55.8333333333333,0.711979166666667
55.8666666666667,0.712009207407634
55.9,0.711979166666667
55.9333333333333,0.711727809906006
55.9666666666667,0.711979166666667
56,0.711979166666667
56.0333333333333,0.711979166666667
56.0666666666667,0.71171875
56.1,0.711979166666667
56.1333333333333,0.711979166666667
56.1666666666667,0.711769358317057
56.2,0.71171875
56.2333333333333,0.71180321375529
56.2666666666667,0.711789417266846
56.3,0.71171875
56.3333333333333,0.712090492248535
56.3666666666667,0.71157112121582
56.4,0.711979166666667
56.4333333333333,0.71171875
56.4666666666667,0.71171875
56.5,0.711979166666667
56.5333333333333,0.711979166666667
56.5666666666667,0.711778831481934
56.6,0.711853567759196
56.6333333333333,0.711853567759196
56.6666666666667,0.711829725901286
56.7,0.711979166666667
56.7333333333333,0.711806774139404
56.7666666666667,0.71171875
56.8,0.711979166666667
56.8333333333333,0.71171875
56.8666666666667,0.71171875
56.9,0.71171875
56.9333333333333,0.711561298370361
56.9666666666667,0.71171875
57,0.711979166666667
57.0333333333333,0.71171875
57.0666666666667,0.71171875
57.1,0.711979166666667
57.1333333333333,0.71171875
57.1666666666667,0.711458333333333
57.2,0.711979166666667
57.2333333333333,0.711852486928304
57.2666666666667,0.711852486928304
57.3,0.711551856994629
57.3333333333333,0.711551856994629
57.3666666666667,0.71163428624471
57.4,0.71171875
57.4333333333333,0.71171875
57.4666666666667,0.711852486928304
57.5,0.71171875
57.5333333333333,0.711979166666667
57.5666666666667,0.71171875
57.6,0.711551856994629
57.6333333333333,0.711551856994629
57.6666666666667,0.711458333333333
57.7,0.71171875
57.7333333333333,0.71171875
57.7666666666667,0.711407438913981
57.8,0.71163428624471
57.8333333333333,0.71171875
57.8666666666667,0.71171875
57.9,0.71171875
57.9333333333333,0.711668141682943
57.9666666666667,0.711458333333333
58,0.711458333333333
58.0333333333333,0.711458333333333
58.0666666666667,0.711458333333333
58.1,0.711048825581868
58.1333333333333,0.711458333333333
58.1666666666667,0.711254215240478
58.2,0.711483923594157
58.2333333333333,0.711458333333333
58.2666666666667,0.711483923594157
58.3,0.711458333333333
58.3333333333333,0.711243216196696
58.3666666666667,0.711254215240478
58.4,0.711254215240478
58.4333333333333,0.711171881357829
58.4666666666667,0.711063321431478
58.5,0.711428292592367
58.5333333333333,0.711248524983724
58.5666666666667,0.71111110051473
58.6,0.71111110051473
58.6333333333333,0.711197916666667
58.6666666666667,0.71117115020752
58.7,0.711274274190267
58.7333333333333,0.711458333333333
58.7666666666667,0.711197916666667
58.8,0.711197916666667
58.8333333333333,0.711197916666667
58.8666666666667,0.710985279083252
58.9,0.710985279083252
58.9333333333333,0.7109375
58.9666666666667,0.7109375
59,0.711197916666667
59.0333333333333,0.710967540740967
59.0666666666667,0.711282380421956
59.1,0.711113452911377
59.1333333333333,0.711113452911377
59.1666666666667,0.711197916666667
59.2,0.711197916666667
59.2333333333333,0.711197916666667
59.2666666666667,0.710775152842204
59.3,0.711197916666667
59.3333333333333,0.711197916666667
59.3666666666667,0.711385663350423
59.4,0.7109375
59.4333333333333,0.711197916666667
59.4666666666667,0.711197916666667
59.5,0.711197916666667
59.5333333333333,0.711119174957275
59.5666666666667,0.711119174957275
59.6,0.711013539632161
59.6333333333333,0.711197916666667
59.6666666666667,0.711197916666667
59.7,0.711113452911377
59.7333333333333,0.7109375
59.7666666666667,0.711031023661296
59.8,0.7109375
59.8333333333333,0.711113452911377
59.8666666666667,0.711458333333333
59.9,0.710843976338704
59.9333333333333,0.710835615793864
59.9666666666667,0.710835615793864
60,0.710835615793864
60.0333333333333,0.710835615793864
60.0666666666667,0.711197916666667
60.1,0.711197916666667
60.1333333333333,0.710603618621826
60.1666666666667,0.710907459259033
60.2,0.7109375
60.2333333333333,0.7109375
60.2666666666667,0.7109375
60.3,0.711197916666667
60.3333333333333,0.711197916666667
60.3666666666667,0.7109375
60.4,0.710843976338704
60.4333333333333,0.710843976338704
60.4666666666667,0.711119174957275
60.5,0.710843976338704
60.5333333333333,0.711197916666667
60.5666666666667,0.7109375
60.6,0.710748926798503
60.6333333333333,0.710727691650391
60.6666666666667,0.710727691650391
60.7,0.7109375
60.7333333333333,0.71076389948527
60.7666666666667,0.710775152842204
60.8,0.7106858253479
60.8333333333333,0.7109375
60.8666666666667,0.7109375
60.9,0.711031023661296
60.9333333333333,0.711031023661296
60.9666666666667,0.7109375
61,0.7109375
61.0333333333333,0.7109375
61.0666666666667,0.710684998830159
61.1,0.710660330454508
61.1333333333333,0.710660330454508
61.1666666666667,0.71045618057251
61.2,0.710677083333333
61.2333333333333,0.710677083333333
61.2666666666667,0.710383701324463
61.3,0.710383701324463
61.3333333333333,0.710677083333333
61.3666666666667,0.710677083333333
61.4,0.710416666666667
61.4333333333333,0.709635416666667
61.4666666666667,0.709635416666667
61.5,0.709635416666667
61.5333333333333,0.709635416666667
61.5666666666667,0.709114583333333
61.6,0.706770833333333
61.6333333333333,0.704947916666667
61.6666666666667,0.70234375
61.7,0.700260416666667
61.7333333333333,0.697470855712891
61.7666666666667,0.69453125
61.8,0.691927083333333
61.8333333333333,0.688541666666667
61.8666666666667,0.684895833333333
61.9,0.68125
61.9333333333333,0.677083333333333
61.9666666666667,0.673414611816406
62,0.669106356302897
62.0333333333333,0.669106356302897
62.0666666666667,0.66468547185262
62.1,0.66015625
62.1333333333333,0.655952390034994
62.1666666666667,0.651128800710042
62.2,0.646477286020915
62.2333333333333,0.641796875
62.2666666666667,0.63671875
62.3,0.631717395782471
62.3333333333333,0.625877539316813
62.3666666666667,0.620651372273763
62.4,0.61484375
62.4333333333333,0.608854166666667
62.4666666666667,0.602864583333333
62.5,0.589878018697103
62.5333333333333,0.589878018697103
62.5666666666667,0.576302083333333
62.6,0.569270833333333
62.6333333333333,0.56212797164917
62.6666666666667,0.5546875
62.7,0.547566731770833
62.7333333333333,0.540310001373291
62.7666666666667,0.532899634043376
62.8,0.525520833333333
62.8333333333333,0.517939917246501
62.8666666666667,0.510409800211589
62.9,0.510409800211589
62.9333333333333,0.510409800211589
62.9666666666667,0.486984666188558
63,0.47890625
63.0333333333333,0.470833333333333
63.0666666666667,0.462760416666667
63.1,0.462760416666667
63.1333333333333,0.4546875
63.1666666666667,0.446706072489421
63.2,0.43839282989502
63.2333333333333,0.43046875
63.2666666666667,0.422206815083822
63.3,0.414148902893066
63.3333333333333,0.414148902893066
63.3666666666667,0.398232396443685
63.4,0.389991633097331
63.4333333333333,0.382120259602865
63.4666666666667,0.373785845438639
63.5,0.365624046325684
63.5333333333333,0.357499567667643
63.5666666666667,0.349311319986979
63.6,0.341010983784994
63.6333333333333,0.325
63.6666666666667,0.31707592010498
63.7,0.308993339538574
63.7333333333333,0.301041666666667
63.7666666666667,0.293058331807454
63.8,0.28515625
63.8333333333333,0.277322578430176
63.8666666666667,0.269392267862956
63.9,0.261540667215983
63.9333333333333,0.253753344217936
63.9666666666667,0.246081034342448
64,0.238541666666667
64.0333333333333,0.230915196736654
64.0666666666667,0.2234375
64.1,0.215824826558431
64.1333333333333,0.215824826558431
64.1666666666667,0.21115042368571
64.2,0.213802083333333
64.2333333333333,0.214759763081868
64.2666666666667,0.214759763081868
64.3,0.214759763081868
64.3333333333333,0.216888682047526
64.3666666666667,0.217666498819987
64.4,0.218571090698242
64.4333333333333,0.219252777099609
64.4666666666667,0.219958941141764
64.5,0.220861434936523
64.5333333333333,0.222135416666667
64.5666666666667,0.222916666666667
64.6,0.223958333333333
64.6333333333333,0.225186157226562
64.6666666666667,0.226277287801107
64.7,0.226277287801107
64.7333333333333,0.228856976826986
64.7666666666667,0.230104700724284
64.8,0.23274040222168
64.8333333333333,0.23274040222168
64.8666666666667,0.234798685709635
64.9,0.235706011454264
64.9333333333333,0.236979166666667
64.9666666666667,0.238613764444987
65,0.239976056416829
65.0333333333333,0.240984916687012
65.0666666666667,0.240984916687012
65.1,0.240984916687012
65.1333333333333,0.24231808980306
65.1666666666667,0.245031674702962
65.2,0.246282577514648
65.2333333333333,0.24775333404541
65.2666666666667,0.248781077067057
65.3,0.250094413757324
65.3333333333333,0.251744397481283
65.3666666666667,0.252864583333333
65.4,0.253809102376302
65.4333333333333,0.254569753011068
65.4666666666667,0.255208333333333
65.5,0.256073570251465
65.5333333333333,0.256607564290365
65.5666666666667,0.256607564290365
65.6,0.258631197611491
65.6333333333333,0.259539794921875
65.6666666666667,0.260416666666667
65.7,0.2625
65.7333333333333,0.263621966044108
65.7666666666667,0.26484375
65.8,0.265364583333333
65.8333333333333,0.266318511962891
65.8666666666667,0.267530377705892
65.9,0.268489583333333
65.9333333333333,0.269562149047852
65.9666666666667,0.269562149047852
66,0.270627721150716
66.0333333333333,0.27329641977946
66.0666666666667,0.274456914265951
66.1,0.275690650939941
66.1333333333333,0.275690650939941
66.1666666666667,0.276822916666667
66.2,0.278645833333333
66.2333333333333,0.2796875
66.2666666666667,0.2796875
66.3,0.281628545125326
66.3333333333333,0.282922808329264
66.3666666666667,0.284375
66.4,0.285416666666667
66.4333333333333,0.2875
66.4666666666667,0.2890625
66.5,0.290625
66.5333333333333,0.292447916666667
66.5666666666667,0.29457836151123
66.6,0.296291987101237
66.6333333333333,0.298258145650228
66.6666666666667,0.299479166666667
66.7,0.302083333333333
66.7333333333333,0.304427083333333
66.7666666666667,0.309375
66.8,0.311606089274089
66.8333333333333,0.314106814066569
66.8666666666667,0.316663805643717
66.9,0.319010416666667
66.9333333333333,0.319010416666667
66.9666666666667,0.321614583333333
67,0.326961835225423
67.0333333333333,0.329947916666667
67.0666666666667,0.333072916666667
67.1,0.336197916666667
67.1333333333333,0.338859430948893
67.1666666666667,0.3421875
67.2,0.3453125
67.2333333333333,0.3453125
67.2666666666667,0.3453125
67.3,0.3484375
67.3333333333333,0.354733467102051
67.3666666666667,0.358333333333333
67.4,0.361458333333333
67.4333333333333,0.36444346110026
67.4666666666667,0.367495918273926
67.5,0.367495918273926
67.5333333333333,0.370670572916667
67.5666666666667,0.37388973236084
67.6,0.37388973236084
67.6333333333333,0.379836781819661
67.6666666666667,0.3828125
67.7,0.385912831624349
67.7333333333333,0.388925615946452
67.7666666666667,0.388925615946452
67.8,0.391757965087891
67.8333333333333,0.397745132446289
67.8666666666667,0.40078125
67.9,0.40390625
67.9333333333333,0.40703125
67.9666666666667,0.409895833333333
68,0.409895833333333
68.0333333333333,0.409895833333333
68.0666666666667,0.41936772664388
68.1,0.42578125
68.1333333333333,0.42578125
68.1666666666667,0.429427083333333
68.2,0.4359375
68.2333333333333,0.439583333333333
68.2666666666667,0.439583333333333
68.3,0.439583333333333
68.3333333333333,0.443130620320638
68.3666666666667,0.446743965148926
68.4,0.450056966145833
68.4333333333333,0.453785387674967
68.4666666666667,0.45760924021403
68.5,0.461124547322591
68.5333333333333,0.46494878133138
68.5666666666667,0.472135416666667
68.6,0.476041666666667
68.6333333333333,0.479931259155273
68.6666666666667,0.479931259155273
68.7,0.483072916666667
68.7333333333333,0.483072916666667
68.7666666666667,0.486458333333333
68.8,0.493489583333333
68.8333333333333,0.496897570292155
68.8666666666667,0.499739583333333
68.9,0.502864583333333
68.9333333333333,0.505884011586507
68.9666666666667,0.508854166666667
69,0.51171875
69.0333333333333,0.51484375
69.0666666666667,0.517505041758219
69.1,0.5203125
69.1333333333333,0.523177083333333
69.1666666666667,0.525805695851644
69.2,0.528385416666667
69.2333333333333,0.531436951955159
69.2666666666667,0.534129778544108
69.3,0.536690807342529
69.3333333333333,0.536690807342529
69.3666666666667,0.536690807342529
69.4,0.539564832051595
69.4333333333333,0.553145821889242
69.4666666666667,0.555920600891113
69.5,0.55859375
69.5333333333333,0.561185010274251
69.5666666666667,0.563989575703939
69.6,0.566828060150147
69.6333333333333,0.569380728403727
69.6666666666667,0.572135416666667
69.7,0.574910577138265
69.7333333333333,0.577293904622396
69.7666666666667,0.579947916666667
69.8,0.5828125
69.8333333333333,0.585333188374837
69.8666666666667,0.585333188374837
69.9,0.590364583333333
69.9333333333333,0.592384847005208
69.9666666666667,0.59453125
70,0.596875
70.0333333333333,0.598760986328125
70.0666666666667,0.600520833333333
70.1,0.60234375
70.1333333333333,0.604345703125
70.1666666666667,0.604345703125
70.2,0.605989583333333
70.2333333333333,0.607552083333333
70.2666666666667,0.61015625
70.3,0.61015625
70.3333333333333,0.611565558115641
70.3666666666667,0.612655385335286
70.4,0.613802083333333
70.4333333333333,0.613802083333333
70.4666666666667,0.614683596293132
70.5,0.615204429626465
70.5333333333333,0.615625
70.5666666666667,0.615793514251709
70.6,0.616666666666667
70.6333333333333,0.616484991709391
70.6666666666667,0.616484991709391
70.7,0.616484991709391
70.7333333333333,0.617447916666667
70.7666666666667,0.617447916666667
70.8,0.617708333333333
70.8333333333333,0.618229166666667
70.8666666666667,0.618489583333333
70.9,0.618229166666667
70.9333333333333,0.61796875
70.9666666666667,0.61796875
71,0.617708333333333
71.0333333333333,0.617708333333333
71.0666666666667,0.6171875
71.1,0.6171875
71.1333333333333,0.6171875
71.1666666666667,0.6171875
71.2,0.617526658376058
71.2333333333333,0.618203576405843
71.2666666666667,0.617776966094971
71.3,0.617776966094971
71.3333333333333,0.618229166666667
71.3666666666667,0.617948468526204
71.4,0.617948468526204
71.4333333333333,0.617948468526204
71.4666666666667,0.617948468526204
71.5,0.618229166666667
71.5333333333333,0.617708333333333
71.5666666666667,0.6171875
71.6,0.6171875
71.6333333333333,0.6171875
71.6666666666667,0.617447916666667
71.7,0.617447916666667
71.7333333333333,0.617447916666667
71.7666666666667,0.617447916666667
71.8,0.617708333333333
71.8333333333333,0.617708333333333
71.8666666666667,0.617708333333333
71.9,0.617447916666667
71.9333333333333,0.617788537343343
71.9666666666667,0.617447916666667
72,0.617708333333333
72.0333333333333,0.617708333333333
72.0666666666667,0.617708333333333
72.1,0.617708333333333
72.1333333333333,0.61768274307251
72.1666666666667,0.61768274307251
72.2,0.61768274307251
72.2333333333333,0.617708333333333
72.2666666666667,0.61796875
72.3,0.617708333333333
72.3333333333333,0.617447916666667
72.3666666666667,0.617708333333333
72.4,0.617708333333333
72.4333333333333,0.617532380421956
72.4666666666667,0.617532380421956
72.5,0.617978763580322
72.5333333333333,0.617447916666667
72.5666666666667,0.617468198140462
72.6,0.617468198140462
72.6333333333333,0.617447916666667
72.6666666666667,0.617447916666667
72.7,0.617451985677083
72.7333333333333,0.617708333333333
72.7666666666667,0.617532380421956
72.8,0.617447916666667
72.8333333333333,0.61780522664388
72.8666666666667,0.617464828491211
72.9,0.617532380421956
72.9333333333333,0.617447916666667
72.9666666666667,0.617447916666667
73,0.617532380421956
73.0333333333333,0.617708333333333
73.0666666666667,0.617351690928141
73.1,0.617532380421956
73.1333333333333,0.617447916666667
73.1666666666667,0.617393080393473
73.2,0.617447916666667
73.2333333333333,0.617708333333333
73.2666666666667,0.617708333333333
73.3,0.617447916666667
73.3333333333333,0.617447916666667
73.3666666666667,0.617464828491211
73.4,0.617662366231283
73.4333333333333,0.617808596293132
73.4666666666667,0.617708333333333
73.5,0.617708333333333
73.5333333333333,0.617447916666667
73.5666666666667,0.617351690928141
73.6,0.617662366231283
73.6333333333333,0.617581653594971
73.6666666666667,0.617611440022786
73.7,0.617708333333333
73.7333333333333,0.617447916666667
73.7666666666667,0.617708333333333
73.8,0.617708333333333
73.8333333333333,0.617708333333333
73.8666666666667,0.617708333333333
73.9,0.617708333333333
73.9333333333333,0.617393080393473
73.9666666666667,0.617447916666667
74,0.61780522664388
74.0333333333333,0.617447916666667
74.0666666666667,0.617708333333333
74.1,0.617708333333333
74.1333333333333,0.617393080393473
74.1666666666667,0.617370796203613
74.2,0.617708333333333
74.2333333333333,0.617708333333333
74.2666666666667,0.617393080393473
74.3,0.617447916666667
74.3333333333333,0.617708333333333
74.3666666666667,0.617708333333333
74.4,0.617708333333333
74.4333333333333,0.617708333333333
74.4666666666667,0.617447916666667
74.5,0.617447916666667
74.5333333333333,0.617708333333333
74.5666666666667,0.617708333333333
74.6,0.617708333333333
74.6333333333333,0.617506345113119
74.6666666666667,0.617386245727539
74.7,0.617393080393473
74.7333333333333,0.617532380421956
74.7666666666667,0.617708333333333
74.8,0.617447916666667
74.8333333333333,0.617447916666667
74.8666666666667,0.617387040456136
74.9,0.617708333333333
74.9333333333333,0.617708333333333
74.9666666666667,0.617708333333333
75,0.617447916666667
75.0333333333333,0.61796875
75.0666666666667,0.617708333333333
75.1,0.617708333333333
75.1333333333333,0.617708333333333
75.1666666666667,0.617447916666667
75.2,0.617708333333333
75.2333333333333,0.617708333333333
75.2666666666667,0.617708333333333
75.3,0.617708333333333
75.3333333333333,0.617708333333333
75.3666666666667,0.617946243286133
75.4,0.617708333333333
75.4333333333333,0.617708333333333
75.4666666666667,0.617708333333333
75.5,0.617946243286133
75.5333333333333,0.617905680338542
75.5666666666667,0.617905680338542
75.6,0.617905680338542
75.6333333333333,0.617905680338542
75.6666666666667,0.617708333333333
75.7,0.617708333333333
75.7333333333333,0.617708333333333
75.7666666666667,0.61796875
75.8,0.617867883046468
75.8333333333333,0.617708333333333
75.8666666666667,0.61796875
75.9,0.617708333333333
75.9333333333333,0.617708333333333
75.9666666666667,0.617708333333333
76,0.617708333333333
76.0333333333333,0.617872460683187
76.0666666666667,0.61796875
76.1,0.617708333333333
76.1333333333333,0.61796875
76.1666666666667,0.617708333333333
76.2,0.617708333333333
76.2333333333333,0.617708333333333
76.2666666666667,0.617708333333333
76.3,0.617867883046468
76.3333333333333,0.617708333333333
76.3666666666667,0.617708333333333
76.4,0.617708333333333
76.4333333333333,0.617708333333333
76.4666666666667,0.617708333333333
76.5,0.617708333333333
76.5333333333333,0.617708333333333
76.5666666666667,0.617447916666667
76.6,0.617447916666667
76.6333333333333,0.617447916666667
76.6666666666667,0.617447916666667
76.7,0.617447916666667
76.7333333333333,0.617708333333333
76.7666666666667,0.617708333333333
76.8,0.617447916666667
76.8333333333333,0.617708333333333
76.8666666666667,0.617611440022786
76.9,0.617370796203613
76.9333333333333,0.617708333333333
76.9666666666667,0.617708333333333
77,0.617293707529704
77.0333333333333,0.617447916666667
77.0666666666667,0.617290496826172
77.1,0.617478466033936
77.1333333333333,0.617369174957275
77.1666666666667,0.617532380421956
77.2,0.617369174957275
77.2333333333333,0.617478466033936
77.2666666666667,0.617293707529704
77.3,0.617447916666667
77.3333333333333,0.617393080393473
77.3666666666667,0.617447916666667
77.4,0.617532380421956
77.4333333333333,0.617532380421956
77.4666666666667,0.617447916666667
77.5,0.617447916666667
77.5333333333333,0.617532380421956
77.5666666666667,0.617708333333333
77.6,0.617532380421956
77.6333333333333,0.617447916666667
77.6666666666667,0.617447916666667
77.7,0.617447916666667
77.7333333333333,0.617447916666667
77.7666666666667,0.617708333333333
77.8,0.617447916666667
77.8333333333333,0.617447916666667
77.8666666666667,0.617708333333333
77.9,0.617611440022786
77.9333333333333,0.617447916666667
77.9666666666667,0.617662366231283
78,0.617293707529704
78.0333333333333,0.617447916666667
78.0666666666667,0.617468198140462
78.1,0.617708333333333
78.1333333333333,0.617708333333333
78.1666666666667,0.617708333333333
78.2,0.617393938700358
78.2333333333333,0.617363452911377
78.2666666666667,0.617447916666667
78.3,0.617447916666667
78.3333333333333,0.617708333333333
78.3666666666667,0.617532380421956
78.4,0.617393080393473
78.4333333333333,0.617470423380534
78.4666666666667,0.617708333333333
78.5,0.617393080393473
78.5333333333333,0.617393938700358
78.5666666666667,0.617447916666667
78.6,0.617447916666667
78.6333333333333,0.617447916666667
78.6666666666667,0.617447916666667
78.7,0.617532380421956
78.7333333333333,0.617447916666667
78.7666666666667,0.617447916666667
78.8,0.617708333333333
78.8333333333333,0.617708333333333
78.8666666666667,0.617293707529704
78.9,0.617447916666667
78.9333333333333,0.617447916666667
78.9666666666667,0.617244561513265
79,0.617447916666667
79.0333333333333,0.617293707529704
79.0666666666667,0.617447916666667
79.1,0.617297172546387
79.1333333333333,0.617297172546387
79.1666666666667,0.617393080393473
79.2,0.617447916666667
79.2333333333333,0.617393080393473
79.2666666666667,0.617393080393473
79.3,0.617662366231283
79.3333333333333,0.617662366231283
79.3666666666667,0.617532380421956
79.4,0.617447916666667
79.4333333333333,0.617447916666667
79.4666666666667,0.617532380421956
79.5,0.617469183603923
79.5333333333333,0.617293707529704
79.5666666666667,0.617447916666667
79.6,0.617447916666667
79.6333333333333,0.61746826171875
79.6666666666667,0.617447916666667
79.7,0.617447916666667
79.7333333333333,0.617447916666667
79.7666666666667,0.617370796203613
79.8,0.617447916666667
79.8333333333333,0.617532380421956
79.8666666666667,0.617447916666667
79.9,0.617447916666667
79.9333333333333,0.617532380421956
79.9666666666667,0.617447916666667
80,0.617708333333333
80.0333333333333,0.617708333333333
80.0666666666667,0.617293707529704
80.1,0.617447916666667
80.1333333333333,0.617300287882487
80.1666666666667,0.617447916666667
80.2,0.617447916666667
80.2333333333333,0.617447916666667
80.2666666666667,0.617662366231283
80.3,0.617293707529704
80.3333333333333,0.617708333333333
80.3666666666667,0.617447916666667
80.4,0.617447916666667
80.4333333333333,0.617532380421956
80.4666666666667,0.617708333333333
80.5,0.617447916666667
80.5333333333333,0.617528661092122
80.5666666666667,0.617708333333333
80.6,0.617708333333333
80.6333333333333,0.617611440022786
80.6666666666667,0.617290496826172
80.7,0.617351690928141
80.7333333333333,0.617380015055339
80.7666666666667,0.617708333333333
80.8,0.617708333333333
80.8333333333333,0.617708333333333
80.8666666666667,0.617708333333333
80.9,0.617447916666667
80.9333333333333,0.617708333333333
80.9666666666667,0.617447916666667
81,0.617406145731608
81.0333333333333,0.617447916666667
81.0666666666667,0.617281023661296
81.1,0.617399946848551
81.1333333333333,0.617708333333333
81.1666666666667,0.617532380421956
81.2,0.617708333333333
81.2333333333333,0.617293707529704
81.2666666666667,0.617447916666667
81.3,0.617293707529704
81.3333333333333,0.617708333333333
81.3666666666667,0.617290496826172
81.4,0.617293707529704
81.4333333333333,0.617447916666667
81.4666666666667,0.617708333333333
81.5,0.6171875
81.5333333333333,0.617501004536947
81.5666666666667,0.617447916666667
81.6,0.617393080393473
81.6333333333333,0.617447916666667
81.6666666666667,0.617447916666667
81.7,0.617532380421956
81.7333333333333,0.617532380421956
81.7666666666667,0.617447916666667
81.8,0.617447916666667
81.8333333333333,0.617708333333333
81.8666666666667,0.617532380421956
81.9,0.617532380421956
81.9333333333333,0.617708333333333
81.9666666666667,0.617708333333333
82,0.617532698313395
82.0333333333333,0.617447916666667
82.0666666666667,0.617447916666667
82.1,0.617447916666667
82.1333333333333,0.617708333333333
82.1666666666667,0.617708333333333
82.2,0.617708333333333
82.2333333333333,0.617708333333333
82.2666666666667,0.617447916666667
82.3,0.617447916666667
82.3333333333333,0.617447916666667
82.3666666666667,0.617447916666667
82.4,0.617447916666667
82.4333333333333,0.617447916666667
82.4666666666667,0.617447916666667
82.5,0.617293707529704
82.5333333333333,0.617447916666667
82.5666666666667,0.617290496826172
82.6,0.617662366231283
82.6333333333333,0.617272885640462
82.6666666666667,0.617300287882487
82.7,0.617611440022786
82.7333333333333,0.617447916666667
82.7666666666667,0.617256132761637
82.8,0.617256132761637
82.8333333333333,0.617708333333333
82.8666666666667,0.617447916666667
82.9,0.617447916666667
82.9333333333333,0.617611440022786
82.9666666666667,0.617708333333333
83,0.617708333333333
83.0333333333333,0.617532380421956
83.0666666666667,0.617447916666667
83.1,0.617532380421956
83.1333333333333,0.617447916666667
83.1666666666667,0.617447916666667
83.2,0.617434438069661
83.2333333333333,0.617293707529704
83.2666666666667,0.617611440022786
83.3,0.617293707529704
83.3333333333333,0.61780522664388
83.3666666666667,0.617708333333333
83.4,0.617708333333333
83.4333333333333,0.617447916666667
83.4666666666667,0.617532380421956
83.5,0.617532380421956
83.5333333333333,0.617532380421956
83.5666666666667,0.617447916666667
83.6,0.617447916666667
83.6333333333333,0.617447916666667
83.6666666666667,0.617447916666667
83.7,0.617532380421956
83.7333333333333,0.617447916666667
83.7666666666667,0.617447916666667
83.8,0.617426776885986
83.8333333333333,0.617447916666667
83.8666666666667,0.617447916666667
83.9,0.617708333333333
83.9333333333333,0.617447916666667
83.9666666666667,0.617532380421956
84,0.617708333333333
84.0333333333333,0.617708333333333
84.0666666666667,0.617611440022786
84.1,0.617708333333333
84.1333333333333,0.617532380421956
84.1666666666667,0.617447916666667
84.2,0.617447916666667
84.2333333333333,0.617447916666667
84.2666666666667,0.617708333333333
84.3,0.617351690928141
84.3333333333333,0.617447916666667
84.3666666666667,0.617447916666667
84.4,0.617447916666667
84.4333333333333,0.617447916666667
84.4666666666667,0.617494646708171
84.5,0.617708333333333
84.5333333333333,0.617447916666667
84.5666666666667,0.617468198140462
84.6,0.617447916666667
84.6333333333333,0.617447916666667
84.6666666666667,0.617447916666667
84.7,0.617532380421956
84.7333333333333,0.617447916666667
84.7666666666667,0.617708333333333
84.8,0.617708333333333
84.8333333333333,0.617611440022786
84.8666666666667,0.617611440022786
84.9,0.617300287882487
84.9333333333333,0.617447916666667
84.9666666666667,0.617387040456136
85,0.617393080393473
85.0333333333333,0.617370796203613
85.0666666666667,0.617447916666667
85.1,0.617447916666667
85.1333333333333,0.617708333333333
85.1666666666667,0.617708333333333
85.2,0.617532380421956
85.2333333333333,0.617532380421956
85.2666666666667,0.617708333333333
85.3,0.617708333333333
85.3333333333333,0.617708333333333
85.3666666666667,0.617532380421956
85.4,0.617708333333333
85.4333333333333,0.617447916666667
85.4666666666667,0.617532380421956
85.5,0.617481676737467
85.5333333333333,0.617481676737467
85.5666666666667,0.617447916666667
85.6,0.617708333333333
85.6333333333333,0.617447916666667
85.6666666666667,0.617708333333333
85.7,0.617708333333333
85.7333333333333,0.61780522664388
85.7666666666667,0.617708333333333
85.8,0.617708333333333
85.8333333333333,0.617708333333333
85.8666666666667,0.617708333333333
85.9,0.617708333333333
85.9333333333333,0.617708333333333
85.9666666666667,0.617447916666667
86,0.617447916666667
86.0333333333333,0.617434438069661
86.0666666666667,0.617708333333333
86.1,0.617708333333333
86.1333333333333,0.617708333333333
86.1666666666667,0.617532380421956
86.2,0.61796875
86.2333333333333,0.617447916666667
86.2666666666667,0.617708333333333
86.3,0.617532380421956
86.3333333333333,0.617532380421956
86.3666666666667,0.617708333333333
86.4,0.617532698313395
86.4333333333333,0.617708333333333
86.4666666666667,0.617708333333333
86.5,0.617447916666667
86.5333333333333,0.6171875
86.5666666666667,0.617303625742594
86.6,0.617611440022786
86.6333333333333,0.6171875
86.6666666666667,0.6171875
86.7,0.6171875
86.7333333333333,0.6171875
86.7666666666667,0.617369174957275
86.8,0.6171875
86.8333333333333,0.6171875
86.8666666666667,0.617447916666667
86.9,0.617447916666667
86.9333333333333,0.6171875
86.9666666666667,0.617369174957275
87,0.617369174957275
87.0333333333333,0.617329788208008
87.0666666666667,0.617286872863769
87.1,0.617286872863769
87.1333333333333,0.617286872863769
87.1666666666667,0.617286872863769
87.2,0.617447916666667
87.2333333333333,0.617447916666667
87.2666666666667,0.6171875
87.3,0.6171875
87.3333333333333,0.6171875
87.3666666666667,0.617447916666667
87.4,0.617447916666667
87.4333333333333,0.6171875
87.4666666666667,0.6171875
87.5,0.6171875
87.5333333333333,0.6171875
87.5666666666667,0.617348194122314
87.6,0.617369174957275
87.6333333333333,0.617447916666667
87.6666666666667,0.6171875
87.7,0.6171875
87.7333333333333,0.6171875
87.7666666666667,0.617447916666667
87.8,0.6171875
87.8333333333333,0.6171875
87.8666666666667,0.6171875
87.9,0.617708333333333
87.9333333333333,0.617447916666667
87.9666666666667,0.617447916666667
88,0.6171875
88.0333333333333,0.617447916666667
88.0666666666667,0.617447916666667
88.1,0.617290306091309
88.1333333333333,0.617290306091309
88.1666666666667,0.617447916666667
88.2,0.617447916666667
88.2333333333333,0.617447916666667
88.2666666666667,0.617447916666667
88.3,0.6171875
88.3333333333333,0.6171875
88.3666666666667,0.617284393310547
88.4,0.617447916666667
88.4333333333333,0.6171875
88.4666666666667,0.617369174957275
88.5,0.617369174957275
88.5333333333333,0.617369174957275
88.5666666666667,0.6171875
88.6,0.6171875
88.6333333333333,0.6171875
88.6666666666667,0.617447916666667
88.7,0.6171875
88.7333333333333,0.6171875
88.7666666666667,0.617281023661296
88.8,0.617447916666667
88.8333333333333,0.6171875
88.8666666666667,0.6171875
88.9,0.6171875
88.9333333333333,0.6171875
88.9666666666667,0.6171875
89,0.6171875
89.0333333333333,0.6171875
89.0666666666667,0.617447916666667
89.1,0.6171875
89.1333333333333,0.6171875
89.1666666666667,0.6171875
89.2,0.617447916666667
89.2333333333333,0.617369174957275
89.2666666666667,0.6171875
89.3,0.617447916666667
89.3333333333333,0.6171875
89.3666666666667,0.6171875
89.4,0.617284393310547
89.4333333333333,0.6171875
89.4666666666667,0.6171875
89.5,0.6171875
89.5333333333333,0.617369174957275
89.5666666666667,0.617510986328125
89.6,0.6171875
89.6333333333333,0.617363452911377
89.6666666666667,0.6171875
89.7,0.6171875
89.7333333333333,0.6171875
89.7666666666667,0.6171875
89.8,0.6171875
89.8333333333333,0.6171875
89.8666666666667,0.617447916666667
89.9,0.6171875
89.9333333333333,0.6171875
89.9666666666667,0.617284965515137
90,0.617284965515137
90.0333333333333,0.617287762959798
90.0666666666667,0.6171875
90.1,0.617363452911377
90.1333333333333,0.617363452911377
90.1666666666667,0.617447916666667
90.2,0.6171875
90.2333333333333,0.6171875
90.2666666666667,0.6171875
90.3,0.617213090260824
90.3333333333333,0.617287762959798
90.3666666666667,0.6171875
90.4,0.6171875
90.4333333333333,0.6171875
90.4666666666667,0.6171875
90.5,0.6171875
90.5333333333333,0.617213090260824
90.5666666666667,0.6171875
90.6,0.6171875
90.6333333333333,0.6171875
90.6666666666667,0.617447916666667
90.7,0.617447916666667
90.7333333333333,0.617116483052572
90.7666666666667,0.6171875
90.8,0.6171875
90.8333333333333,0.6171875
90.8666666666667,0.6171875
90.9,0.6171875
90.9333333333333,0.6171875
90.9666666666667,0.6171875
91,0.617447916666667
91.0333333333333,0.617447916666667
91.0666666666667,0.617447916666667
91.1,0.6171875
91.1333333333333,0.6171875
91.1666666666667,0.6171875
91.2,0.617447916666667
91.2333333333333,0.6171875
91.2666666666667,0.6171875
91.3,0.6171875
91.3333333333333,0.6171875
91.3666666666667,0.6171875
91.4,0.6171875
91.4333333333333,0.6171875
91.4666666666667,0.617447916666667
91.5,0.617447916666667
91.5333333333333,0.6171875
91.5666666666667,0.6171875
91.6,0.617447916666667
91.6333333333333,0.617369174957275
91.6666666666667,0.6171875
91.7,0.6171875
91.7333333333333,0.6171875
91.7666666666667,0.617363452911377
91.8,0.6171875
91.8333333333333,0.6171875
91.8666666666667,0.617284393310547
91.9,0.6171875
91.9333333333333,0.6171875
91.9666666666667,0.617447916666667
92,0.6171875
92.0333333333333,0.6171875
92.0666666666667,0.617284393310547
92.1,0.617284393310547
92.1333333333333,0.6171875
92.1666666666667,0.6171875
92.2,0.617287762959798
92.2333333333333,0.6171875
92.2666666666667,0.6171875
92.3,0.6171875
92.3333333333333,0.617064984639486
92.3666666666667,0.617447916666667
92.4,0.6171875
92.4333333333333,0.6171875
92.4666666666667,0.6171875
92.5,0.6171875
92.5333333333333,0.617011547088623
92.5666666666667,0.617199897766113
92.6,0.6171875
92.6333333333333,0.6171875
92.6666666666667,0.6171875
92.7,0.6171875
92.7333333333333,0.6171875
92.7666666666667,0.6171875
92.8,0.6171875
92.8333333333333,0.6171875
92.8666666666667,0.6171875
92.9,0.6171875
92.9333333333333,0.6171875
92.9666666666667,0.617363452911377
93,0.6171875
93.0333333333333,0.617002868652344
93.0666666666667,0.6171875
93.1,0.6171875
93.1333333333333,0.617369174957275
93.1666666666667,0.617447916666667
93.2,0.6171875
93.2333333333333,0.6171875
93.2666666666667,0.617213090260824
93.3,0.6171875
93.3333333333333,0.617088826497396
93.3666666666667,0.617447916666667
93.4,0.6171875
93.4333333333333,0.6171875
93.4666666666667,0.6171875
93.5,0.617447916666667
93.5333333333333,0.6171875
93.5666666666667,0.6171875
93.6,0.617447916666667
93.6333333333333,0.617284393310547
93.6666666666667,0.6171875
93.7,0.6171875
93.7333333333333,0.61701717376709
93.7666666666667,0.617038186391195
93.8,0.616992950439453
93.8333333333333,0.616976579030355
93.8666666666667,0.6171875
93.9,0.6171875
93.9333333333333,0.617447916666667
93.9666666666667,0.617447916666667
94,0.6171875
94.0333333333333,0.6171875
94.0666666666667,0.6171875
94.1,0.617284393310547
94.1333333333333,0.617011547088623
94.1666666666667,0.6171875
94.2,0.6171875
94.2333333333333,0.6171875
94.2666666666667,0.6171875
94.3,0.616992950439453
94.3333333333333,0.617013645172119
94.3666666666667,0.617038186391195
94.4,0.6171875
94.4333333333333,0.616985511779785
94.4666666666667,0.617447916666667
94.5,0.6171875
94.5333333333333,0.617284393310547
94.5666666666667,0.6171875
94.6,0.617008145650228
94.6333333333333,0.6171875
94.6666666666667,0.6171875
94.7,0.6171875
94.7333333333333,0.616885312398275
94.7666666666667,0.617086187998454
94.8,0.6171875
94.8333333333333,0.6171875
94.8666666666667,0.616927083333333
94.9,0.6171875
94.9333333333333,0.6171875
94.9666666666667,0.6171875
95,0.6171875
95.0333333333333,0.617014280954997
95.0666666666667,0.6171875
95.1,0.6171875
95.1333333333333,0.617447916666667
95.1666666666667,0.617447916666667
95.2,0.617363452911377
95.2333333333333,0.617363452911377
95.2666666666667,0.617284393310547
95.3,0.617284393310547
95.3333333333333,0.6171875
95.3666666666667,0.617141532897949
95.4,0.617141532897949
95.4333333333333,0.6171875
95.4666666666667,0.6171875
95.5,0.617141532897949
95.5333333333333,0.617284393310547
95.5666666666667,0.617284393310547
95.6,0.617447916666667
95.6333333333333,0.6171875
95.6666666666667,0.616927083333333
95.7,0.6171875
95.7333333333333,0.617090606689453
95.7666666666667,0.617090606689453
95.8,0.6171875
95.8333333333333,0.617090606689453
95.8666666666667,0.6171875
95.9,0.617090606689453
95.9333333333333,0.6171875
95.9666666666667,0.616975053151449
96,0.6171875
96.0333333333333,0.616927083333333
96.0666666666667,0.616970189412435
96.1,0.617011547088623
96.1333333333333,0.61677287419637
96.1666666666667,0.6171875
96.2,0.6171875
96.2333333333333,0.617284393310547
96.2666666666667,0.6171875
96.3,0.617287762959798
96.3333333333333,0.616927083333333
96.3666666666667,0.617090606689453
96.4,0.617038186391195
96.4333333333333,0.616927083333333
96.4666666666667,0.616964785257975
96.5,0.6171875
96.5333333333333,0.6171875
96.5666666666667,0.6171875
96.6,0.6171875
96.6333333333333,0.6171875
96.6666666666667,0.6171875
96.7,0.617090606689453
96.7333333333333,0.6171875
96.7666666666667,0.6171875
96.8,0.617011547088623
96.8333333333333,0.6171875
96.8666666666667,0.616921965281169
96.9,0.616976579030355
96.9333333333333,0.6171875
96.9666666666667,0.6171875
97,0.6171875
97.0333333333333,0.616927083333333
97.0666666666667,0.616927083333333
97.1,0.616927083333333
97.1333333333333,0.617447916666667
97.1666666666667,0.6171875
97.2,0.6171875
97.2333333333333,0.6171875
97.2666666666667,0.617002868652344
97.3,0.617011547088623
97.3333333333333,0.617011547088623
97.3666666666667,0.6171875
97.4,0.616879113515218
97.4333333333333,0.616879113515218
97.4666666666667,0.6171875
97.5,0.616927083333333
97.5333333333333,0.6171875
97.5666666666667,0.6171875
97.6,0.616830857594808
97.6333333333333,0.616944630940755
97.6666666666667,0.617038186391195
97.7,0.617011547088623
97.7333333333333,0.617038186391195
97.7666666666667,0.616927083333333
97.8,0.616927083333333
97.8333333333333,0.617284393310547
97.8666666666667,0.617023277282715
97.9,0.616970189412435
97.9333333333333,0.617013645172119
97.9666666666667,0.6171875
98,0.6171875
98.0333333333333,0.616979630788167
98.0666666666667,0.616979630788167
98.1,0.617284393310547
98.1333333333333,0.6171875
98.1666666666667,0.616927083333333
98.2,0.616769472757975
98.2333333333333,0.616927083333333
98.2666666666667,0.616927083333333
98.3,0.616939194997152
98.3333333333333,0.617011547088623
98.3666666666667,0.617011547088623
98.4,0.616834513346354
98.4333333333333,0.616769472757975
98.4666666666667,0.616769472757975
98.5,0.616834513346354
98.5333333333333,0.616834513346354
98.5666666666667,0.616834513346354
98.6,0.616666666666667
98.6333333333333,0.616927083333333
98.6666666666667,0.616769472757975
98.7,0.617011547088623
98.7333333333333,0.616830857594808
98.7666666666667,0.616721693674723
98.8,0.616721693674723
98.8333333333333,0.616927083333333
98.8666666666667,0.616927083333333
98.9,0.616927083333333
98.9333333333333,0.616927083333333
98.9666666666667,0.616769472757975
99,0.616769472757975
99.0333333333333,0.61684627532959
99.0666666666667,0.616769472757975
99.1,0.616829363505046
99.1333333333333,0.616834513346354
99.1666666666667,0.616834513346354
99.2,0.616834513346354
99.2333333333333,0.616834513346354
99.2666666666667,0.617284393310547
99.3,0.616834513346354
99.3333333333333,0.616834513346354
99.3666666666667,0.616845925649007
99.4,0.616845925649007
99.4333333333333,0.61694237391154
99.4666666666667,0.616773382822673
99.5,0.616927083333333
99.5333333333333,0.616666666666667
99.5666666666667,0.616721693674723
99.6,0.616769472757975
99.6333333333333,0.616927083333333
99.6666666666667,0.616927083333333
99.7,0.616882451375325
99.7333333333333,0.616879558563232
99.7666666666667,0.616865412394206
99.8,0.616927083333333
99.8333333333333,0.616769472757975
99.8666666666667,0.616735299428304
99.9,0.616769472757975
99.9333333333333,0.616769472757975
99.9666666666667,0.616769472757975
100,0.616769472757975
